[Kesmine juht. Juhuslik massiiv
[Sisendi suurus (n)	Aeg (ns)]
<Mullimeetod>
0: 300, 0, 0, 0, 0, 0, 0, 0, 100, 0
<Kiirmeetod>
0: 300, 0, 0, 100, 0, 0, 100, 0, 0, 0
<java.util.Arrays.sort>
0: 1299, 200, 100, 100, 100, 100, 100, 100, 100, 100
<Mullimeetod>
100: 10200, 7300, 4301, 3800, 3599, 3601, 3600, 5500, 3599, 3501
<Kiirmeetod>
100: 12200, 4099, 1300, 1001, 900, 900, 900, 900, 900, 1000
<java.util.Arrays.sort>
100: 77300, 29800, 26000, 24199, 21001, 22099, 20701, 21300, 22300, 20600
<Mullimeetod>
200: 32900, 30700, 19199, 15000, 14299, 13900, 13701, 15100, 13800, 13700
<Kiirmeetod>
200: 7100, 4199, 2301, 2200, 2100, 2200, 3199, 2201, 2200, 3200
<java.util.Arrays.sort>
200: 52201, 40900, 38699, 38601, 45700, 38500, 36900, 36801, 41500, 36200
<Mullimeetod>
300: 75300, 61400, 60500, 36400, 34600, 32000, 31300, 32401, 30800, 31700
<Kiirmeetod>
300: 11100, 7801, 3799, 3300, 3401, 3300, 4400, 3199, 3300, 3201
<java.util.Arrays.sort>
300: 73199, 64300, 62300, 62800, 66900, 71800, 68500, 62401, 62600, 64001
<Mullimeetod>
400: 103801, 84900, 70801, 66301, 61700, 60299, 57900, 58600, 56300, 55900
<Kiirmeetod>
400: 15700, 8700, 6299, 4500, 5901, 4500, 5600, 4400, 5600, 4400
<java.util.Arrays.sort>
400: 23600, 16300, 28100, 13400, 13400, 14000, 12999, 12900, 13900, 12701
<Mullimeetod>
500: 157800, 132500, 119200, 112601, 107600, 105899, 101199, 99399, 99700, 96200
<Kiirmeetod>
500: 18800, 12601, 7400, 7901, 6701, 6800, 10600, 6599, 8299, 7999
<java.util.Arrays.sort>
500: 25200, 21700, 16400, 16001, 16900, 15600, 16200, 20900, 16400, 16800
<Mullimeetod>
600: 214000, 188200, 175101, 166900, 164400, 159600, 156701, 152600, 152900, 150700
<Kiirmeetod>
600: 23500, 13999, 10899, 10200, 8899, 10099, 10400, 8699, 9099, 10399
<java.util.Arrays.sort>
600: 33201, 22499, 20600, 21200, 20701, 18299, 19800, 19301, 19000, 18600
<Mullimeetod>
700: 279999, 254599, 240599, 233500, 231401, 227200, 224700, 220600, 219299, 219900
<Kiirmeetod>
700: 27700, 17300, 12100, 10000, 10900, 10800, 10800, 10800, 10000, 9701
<java.util.Arrays.sort>
700: 34800, 29100, 26900, 24900, 22999, 21999, 23300, 23400, 22501, 21901
<Mullimeetod>
800: 353399, 331899, 314399, 307100, 303700, 316501, 306401, 302000, 304200, 301001
<Kiirmeetod>
800: 30800, 19401, 14100, 13600, 13600, 13100, 13000, 13500, 12700, 12700
<java.util.Arrays.sort>
800: 39800, 33600, 27100, 25301, 24300, 25800, 26399, 25199, 24899, 25399
<Mullimeetod>
900: 436501, 412800, 398800, 401899, 392200, 392000, 388999, 396900, 385600, 392499
<Kiirmeetod>
900: 35601, 26800, 19099, 16400, 15900, 15600, 16000, 16100, 15500, 15800
<java.util.Arrays.sort>
900: 45800, 40900, 33300, 33699, 34200, 31400, 30500, 30800, 30600, 29600
<Mullimeetod>
1000: 528601, 508501, 494199, 493500, 499801, 489000, 489200, 481100, 489000, 483301
<Kiirmeetod>
1000: 40800, 29100, 21701, 19299, 18500, 18701, 18000, 17900, 18000, 18200
<java.util.Arrays.sort>
1000: 194700, 152800, 143300, 140000, 142300, 140700, 139999, 140500, 139400, 143200
<Mullimeetod>
1100: 636701, 635201, 619401, 613400, 603399, 604100, 599800, 614599, 605200, 600600
<Kiirmeetod>
1100: 46600, 35500, 25401, 21501, 20601, 20500, 21499, 20000, 20401, 19999
<java.util.Arrays.sort>
1100: 133801, 138900, 129300, 121300, 126501, 115500, 123000, 114600, 108100, 60000
<Mullimeetod>
1200: 731500, 729601, 709800, 706801, 706699, 717800, 714000, 705899, 712899, 705300
<Kiirmeetod>
1200: 51499, 41099, 32000, 25800, 24601, 23900, 23701, 23100, 22900, 24700
<java.util.Arrays.sort>
1200: 66500, 53601, 47799, 41999, 40699, 40800, 38399, 38499, 38100, 44900
<Mullimeetod>
1300: 851301, 846100, 848601, 831101, 851800, 831800, 822000, 825900, 833501, 829401
<Kiirmeetod>
1300: 56599, 41399, 31600, 27501, 25601, 26799, 24799, 25499, 24799, 25399
<java.util.Arrays.sort>
1300: 63201, 56400, 50599, 45500, 42000, 41100, 39001, 40700, 41301, 39401
<Mullimeetod>
1400: 985200, 947800, 946800, 944901, 941900, 941800, 939500, 959101, 935600, 944300
<Kiirmeetod>
1400: 59700, 48001, 36599, 32400, 30400, 30200, 29600, 29500, 29000, 29100
<java.util.Arrays.sort>
1400: 67101, 59100, 54801, 67001, 60101, 46000, 40600, 39600, 37400, 38900
<Mullimeetod>
1500: 1071100, 1073900, 1068100, 1052900, 1054200, 1055700, 1062099, 1059400, 1073501, 1069300
<Kiirmeetod>
1500: 62800, 49600, 37600, 33400, 31400, 31700, 39800, 29500, 30600, 30200
<java.util.Arrays.sort>
1500: 88701, 68000, 58101, 52600, 51100, 51500, 51299, 101499, 51000, 49400
<Mullimeetod>
1600: 1201700, 1214700, 1208600, 1198101, 1199300, 1195200, 1202200, 1185200, 1185500, 1184800
<Kiirmeetod>
1600: 68799, 56600, 44600, 37300, 33600, 32300, 33599, 33100, 31700, 31900
<java.util.Arrays.sort>
1600: 95000, 101001, 80201, 91500, 85101, 58201, 55600, 81200, 73699, 49900
<Mullimeetod>
1700: 1321000, 1323201, 1322101, 1315500, 1316900, 1316699, 1315800, 1350600, 1342100, 1347900
<Kiirmeetod>
1700: 75600, 62700, 48701, 43300, 39500, 39200, 37199, 37399, 39099, 37900
<java.util.Arrays.sort>
1700: 84900, 71400, 116600, 63700, 60500, 58900, 55701, 57201, 57000, 55300
<Mullimeetod>
1800: 1498100, 1529300, 1553899, 1519299, 1531400, 1517101, 1512400, 1528800, 1502300, 1510501
<Kiirmeetod>
1800: 78899, 66100, 52000, 43301, 46100, 38899, 38599, 37800, 37700, 38701
<java.util.Arrays.sort>
1800: 128099, 79900, 88099, 70599, 81700, 80601, 65699, 62400, 124799, 95200
<Mullimeetod>
1900: 1676800, 1692400, 1671301, 1669300, 1675300, 1659100, 1672099, 1653400, 1646900, 1647299
<Kiirmeetod>
1900: 81501, 67400, 56200, 48699, 44400, 44000, 44600, 51500, 50701, 44100
<java.util.Arrays.sort>
1900: 183600, 86700, 106300, 102001, 124201, 81599, 82500, 101001, 96700, 79801
<Mullimeetod>
2000: 1785200, 1827300, 1829100, 1828201, 1863900, 1814799, 1827000, 1825200, 1816601, 1821300
<Kiirmeetod>
2000: 90700, 76900, 62901, 54400, 49200, 47200, 46900, 46500, 46200, 46200
<java.util.Arrays.sort>
2000: 123500, 98000, 87299, 81400, 82100, 81701, 82099, 87500, 94700, 93300
<Mullimeetod>
2100: 1967500, 1967800, 1991001, 1998600, 1992000, 1981000, 1970500, 1980600, 1978300, 1985400
<Kiirmeetod>
2100: 95200, 81401, 70700, 67000, 53699, 51800, 51000, 50801, 50299, 50500
<java.util.Arrays.sort>
2100: 114199, 81100, 95900, 61600, 54499, 49500, 47200, 46500, 64801, 49101
<Mullimeetod>
2200: 2165301, 2206501, 2151200, 2122400, 2099801, 2076700, 2067401, 2046600, 2045301, 2012701
<Kiirmeetod>
2200: 93700, 83100, 68201, 58000, 52201, 50999, 48900, 48301, 48800, 49001
<java.util.Arrays.sort>
2200: 129100, 91900, 59600, 64799, 59200, 62700, 41999, 52300, 40999, 40699
<Mullimeetod>
2300: 2200900, 2235099, 2246400, 2262600, 2325301, 2293200, 2291099, 2304500, 2313099, 2322700
<Kiirmeetod>
2300: 97400, 84901, 76400, 62900, 56500, 56001, 53501, 66701, 54400, 53900
<java.util.Arrays.sort>
2300: 88299, 103800, 82199, 57700, 51699, 47800, 48500, 52299, 61400, 51899
<Mullimeetod>
2400: 2469500, 2441400, 2438301, 2465199, 2464500, 2462301, 2489100, 2531901, 2576401, 2555700
<Kiirmeetod>
2400: 114100, 96100, 89100, 73201, 68900, 63601, 64100, 61700, 63200, 61100
<java.util.Arrays.sort>
2400: 101100, 64700, 50900, 40600, 34300, 31600, 29700, 29800, 29400, 30500
<Mullimeetod>
2500: 2743301, 2781200, 2742800, 2708401, 2689300, 2637600, 2595900, 2585199, 2543900, 2523000
<Kiirmeetod>
2500: 108500, 95399, 84000, 75099, 65200, 61701, 59500, 60600, 58301, 60099
<java.util.Arrays.sort>
2500: 77400, 65600, 55001, 43501, 47900, 34799, 33700, 30900, 31600, 30600
<Mullimeetod>
2600: 2702601, 2682900, 2679300, 2683400, 2633499, 2628800, 2621199, 2633900, 2612199, 2618800
<Kiirmeetod>
2600: 113500, 96400, 86100, 78700, 68199, 63200, 61600, 59800, 60400, 60800
<java.util.Arrays.sort>
2600: 79800, 65400, 53600, 44100, 39900, 36500, 32600, 33100, 31400, 30200
<Mullimeetod>
2700: 2881100, 2865701, 2873300, 2868800, 2920700, 2935800, 2980701, 2988199, 3010500, 3043500
<Kiirmeetod>
2700: 124600, 107200, 94300, 86201, 79399, 72200, 73500, 70400, 70400, 68600
<java.util.Arrays.sort>
2700: 83100, 70201, 58201, 51401, 45500, 41899, 41099, 39099, 37000, 36500
<Mullimeetod>
2800: 3212600, 3248300, 3232401, 3264100, 3235200, 3227500, 3241800, 3229400, 3235100, 3320600
<Kiirmeetod>
2800: 136800, 117100, 109599, 94500, 83701, 76000, 73699, 75800, 73600, 74901
<java.util.Arrays.sort>
2800: 92200, 81900, 68801, 60500, 57399, 53300, 50400, 47599, 46200, 45000
<Mullimeetod>
2900: 3467500, 3430501, 4600500, 3421100, 3375001, 3339500, 3330601, 3310200, 3304601, 3337800
<Kiirmeetod>
2900: 133600, 121500, 109300, 99300, 88300, 81199, 77500, 77000, 77400, 77600
<java.util.Arrays.sort>
2900: 88500, 75800, 64001, 57100, 51699, 48300, 44900, 43001, 41399, 39000
<Mullimeetod>
3000: 3513300, 3468300, 3468800, 3451601, 3424400, 3417599, 3446500, 3411700, 3426000, 3444200
<Kiirmeetod>
3000: 133899, 124400, 110499, 101700, 91500, 83701, 80399, 77300, 77500, 77400
<java.util.Arrays.sort>
3000: 89101, 76100, 63600, 56001, 49401, 44800, 41200, 38700, 38500, 35599
<Mullimeetod>
3100: 3657100, 3656499, 3650099, 3657700, 3744700, 3821300, 3871599, 3839300, 3805500, 3769401
<Kiirmeetod>
3100: 139500, 123200, 110899, 103699, 102399, 85599, 80800, 80501, 81699, 79400
<java.util.Arrays.sort>
3100: 91100, 74700, 62600, 54299, 48700, 43101, 39401, 35101, 32900, 31600
<Mullimeetod>
3200: 3956001, 3968500, 4020200, 4035500, 4057400, 4093200, 4132799, 4132200, 4215000, 4247199
<Kiirmeetod>
3200: 161899, 142000, 126600, 116501, 107500, 99999, 95000, 91600, 91600, 91100
<java.util.Arrays.sort>
3200: 93700, 78500, 68199, 60100, 54400, 49999, 48800, 45100, 43599, 38999
<Mullimeetod>
3300: 4573099, 4590600, 4626499, 4614600, 4630300, 4664301, 4744699, 4809500, 4861200, 4905600
<Kiirmeetod>
3300: 178899, 158300, 145300, 137400, 127500, 118499, 113800, 127200, 115800, 111600
<java.util.Arrays.sort>
3300: 132700, 103100, 85901, 77600, 69899, 75400, 60301, 57900, 57700, 54401
<Mullimeetod>
3400: 5160400, 5187801, 5137500, 5136500, 5173001, 5149099, 5133800, 5102501, 5167800, 5167900
<Kiirmeetod>
3400: 185600, 171899, 156900, 142401, 137400, 127500, 132601, 114401, 111301, 112300
<java.util.Arrays.sort>
3400: 127100, 111200, 98701, 90400, 83900, 81101, 76200, 74099, 69899, 68300
<Mullimeetod>
3500: 5610500, 5712300, 5745100, 5731300, 5743199, 5687800, 5713100, 5651501, 5603799, 5599399
<Kiirmeetod>
3500: 195000, 189499, 165200, 160500, 147200, 139000, 130500, 123700, 120400, 119900
<java.util.Arrays.sort>
3500: 126201, 103600, 110001, 82899, 77200, 69901, 69401, 61999, 59400, 55600
<Mullimeetod>
3600: 5975200, 5930900, 5952101, 5880800, 5919500, 5971800, 6100900, 6162800, 6127700, 6149801
<Kiirmeetod>
3600: 213700, 196399, 181300, 172299, 161099, 155500, 149201, 142400, 142101, 138500
<java.util.Arrays.sort>
3600: 147100, 117699, 108600, 97000, 89600, 81300, 76600, 72900, 72100, 70001
<Mullimeetod>
3700: 6457599, 6554400, 6504001, 6381800, 6263400, 6145900, 6098600, 5999100, 5896000, 5843800
<Kiirmeetod>
3700: 194601, 178300, 164399, 155700, 157101, 142199, 133900, 126799, 123600, 122800
<java.util.Arrays.sort>
3700: 116800, 102501, 87901, 79500, 74600, 68100, 65501, 61700, 58600, 56699
<Mullimeetod>
3800: 5932500, 5891299, 5786199, 5691900, 5568200, 5511800, 5482100, 5407800, 5355799, 5353000
<Kiirmeetod>
3800: 186800, 171501, 159399, 154700, 144901, 139599, 133599, 128300, 119899, 116399
<java.util.Arrays.sort>
3800: 108701, 98099, 86399, 92900, 73800, 73301, 63701, 60400, 54701, 52601
<Mullimeetod>
3900: 5649801, 5641600, 5610900, 5682200, 5727000, 5663499, 5681299, 5632900, 5708900, 5658800
<Kiirmeetod>
3900: 187301, 171399, 160100, 153300, 147800, 141500, 135999, 133099, 128100, 123300
<java.util.Arrays.sort>
3900: 109201, 96699, 85900, 79500, 74200, 70801, 66801, 63300, 60600, 57300
<Mullimeetod>
4000: 5964200, 5959600, 5970100, 5976000, 5956100, 5902100, 5922900, 5868501, 5893500, 5917100
<Kiirmeetod>
4000: 193501, 181500, 170300, 162300, 155900, 149199, 145400, 148200, 136399, 133400
<java.util.Arrays.sort>
4000: 108101, 96200, 83901, 78800, 74500, 78400, 66801, 63499, 60400, 59000
<Mullimeetod>
4100: 6218801, 6230200, 6242300, 6197000, 6143900, 6145600, 6141701, 6198800, 6141401, 6199801
<Kiirmeetod>
4100: 201500, 198901, 177100, 169700, 162401, 158301, 151700, 148601, 145601, 143900
<java.util.Arrays.sort>
4100: 524200, 558700, 288800, 247400, 148400, 140600, 119100, 114401, 143100, 157399
<Mullimeetod>
4200: 6575100, 7013100, 7092000, 7014499, 6879300, 6916800, 6828901, 6728500, 6585900, 6479400
<Kiirmeetod>
4200: 211800, 202100, 191399, 184200, 178500, 172799, 167200, 163900, 162600, 160200
<java.util.Arrays.sort>
4200: 138601, 90400, 76999, 83200, 66200, 62899, 60500, 57700, 58500, 55100
<Mullimeetod>
4300: 6788500, 6752300, 6819100, 6777800, 7046700, 6978200, 6794500, 6813101, 6753301, 6760001
<Kiirmeetod>
4300: 220600, 205801, 195101, 188001, 180700, 176000, 172399, 168900, 166600, 164901
<java.util.Arrays.sort>
4300: 562400, 393801, 380999, 164100, 161300, 140400, 132000, 134099, 137600, 132800
<Mullimeetod>
4400: 7102500, 7528300, 7649801, 7560501, 7311299, 7155100, 7220300, 7183000, 7200300, 7208301
<Kiirmeetod>
4400: 233700, 221700, 210401, 200400, 196900, 201701, 186900, 183600, 180300, 181800
<java.util.Arrays.sort>
4400: 169400, 137700, 129100, 125100, 126299, 120500, 120300, 155399, 128900, 128200
<Mullimeetod>
4500: 7632400, 7889200, 8041200, 7834800, 7606700, 7587100, 7464301, 7439200, 7414600, 7456600
<Kiirmeetod>
4500: 230100, 215000, 202901, 196300, 198500, 187800, 181500, 181900, 176700, 175600
<java.util.Arrays.sort>
4500: 178500, 244200, 197700, 215200, 153301, 178800, 190399, 198900, 188800, 265199
<Mullimeetod>
4600: 8361301, 8493701, 8828599, 8482500, 8202999, 8063901, 7894000, 7954400, 7934100, 8068299
<Kiirmeetod>
4600: 260300, 238201, 235000, 217000, 220800, 207601, 213300, 202800, 202401, 208300
<java.util.Arrays.sort>
4600: 317600, 314300, 246301, 289900, 237301, 207201, 196601, 189400, 187501, 186200
<Mullimeetod>
4700: 8869600, 9340299, 9351200, 9078200, 8863401, 8738101, 8635101, 8569700, 8286801, 8133200
<Kiirmeetod>
4700: 252499, 235500, 227800, 216300, 211601, 209299, 206000, 203301, 202100, 201700
<java.util.Arrays.sort>
4700: 147899, 104500, 90500, 81400, 74900, 71000, 67800, 65100, 61600, 60500
<Mullimeetod>
4800: 8640200, 8770400, 8890100, 8932201, 9001800, 9063199, 9383500, 9346999, 9228599, 9210499
<Kiirmeetod>
4800: 275300, 268800, 265399, 244000, 240700, 234199, 232700, 231600, 229600, 241101
<java.util.Arrays.sort>
4800: 554201, 450500, 344200, 231199, 245900, 251801, 227401, 225799, 218800, 225900
<Mullimeetod>
4900: 9745601, 10004600, 10001000, 9898401, 9624800, 9264800, 8948900, 8845501, 8741401, 8697100
<Kiirmeetod>
4900: 265401, 251600, 242300, 234899, 229700, 227200, 223901, 221801, 221401, 222000
<java.util.Arrays.sort>
4900: 156300, 102901, 89500, 83100, 77401, 83000, 70699, 68500, 66000, 63999
<Mullimeetod>
5000: 9138200, 9028101, 9056399, 8959900, 8935100, 8972400, 8967200, 8991300, 8958499, 9011600
<Kiirmeetod>
5000: 270100, 260100, 249901, 243600, 239101, 236201, 239600, 234499, 232100, 231000
<java.util.Arrays.sort>
5000: 110699, 98800, 94600, 80501, 76200, 72701, 69600, 66700, 64401, 62600
<Mullimeetod>
5100: 9408899, 9472299, 9473100, 9336899, 9378400, 9464600, 9553100, 9618400, 9516000, 9521801
<Kiirmeetod>
5100: 284200, 267500, 257800, 252800, 247999, 246400, 245100, 242800, 244400, 242200
<java.util.Arrays.sort>
5100: 119400, 104300, 94699, 88399, 84399, 81300, 79099, 76600, 74800, 73601
<Mullimeetod>
5200: 9785900, 9746801, 9803601, 9784800, 9984600, 10335500, 10378000, 10429401, 10439300, 10245500
<Kiirmeetod>
5200: 298899, 287500, 278300, 272001, 267200, 263801, 261700, 262401, 260500, 259500
<java.util.Arrays.sort>
5200: 123100, 109600, 99001, 93000, 88999, 91000, 85600, 90000, 81299, 80400
<Mullimeetod>
5300: 10236600, 10042499, 10056500, 10032700, 10110000, 10237000, 10369100, 10446199, 10259400, 10281800
<Kiirmeetod>
5300: 304800, 291300, 277400, 271500, 270600, 265600, 265299, 264400, 261399, 263300
<java.util.Arrays.sort>
5300: 122700, 108799, 102599, 92500, 87500, 84400, 83799, 82200, 80500, 81699
<Mullimeetod>
5400: 10625800, 10608900, 10593301, 10693900, 10520900, 10393200, 10431799, 10403499, 10379100, 10481199
<Kiirmeetod>
5400: 299401, 290300, 278000, 276599, 271999, 271200, 270400, 266801, 265899, 268099
<java.util.Arrays.sort>
5400: 128801, 104900, 155401, 91000, 84601, 81000, 80800, 78401, 76600, 76800
<Mullimeetod>
5500: 10969901, 10939601, 10876401, 10943600, 10850500, 10856901, 10890600, 10886700, 11011099, 11270100
<Kiirmeetod>
5500: 327000, 315600, 307300, 299200, 297799, 294700, 292901, 291300, 293801, 291800
<java.util.Arrays.sort>
5500: 140400, 128999, 112500, 104400, 100000, 93800, 93100, 89200, 90400, 88100
<Mullimeetod>
5600: 11874800, 11838100, 11994301, 11828001, 11554599, 11473299, 11427500, 11490100, 11669800, 11404000
<Kiirmeetod>
5600: 508800, 463299, 385600, 297400, 292200, 296100, 292400, 292000, 293701, 294700
<java.util.Arrays.sort>
5600: 125799, 119000, 107000, 98900, 91700, 89301, 87699, 85100, 85000, 82901
<Mullimeetod>
5700: 11679300, 11597301, 11638401, 11865300, 11815501, 12123600, 12292100, 12410800, 12607000, 13198100
<Kiirmeetod>
5700: 380800, 362500, 353701, 345099, 342599, 340900, 339201, 346000, 339700, 336300
<java.util.Arrays.sort>
5700: 156300, 140100, 133000, 120600, 114200, 111599, 108200, 106600, 104300, 101300
<Mullimeetod>
5800: 13955499, 13741100, 13501501, 13473001, 13275099, 12789800, 12390499, 12179900, 12167900, 11957399
<Kiirmeetod>
5800: 339901, 334000, 321600, 317899, 312400, 310400, 311000, 310500, 311701, 308599
<java.util.Arrays.sort>
5800: 135701, 128100, 115401, 107400, 101100, 98400, 96401, 110200, 94300, 93100
<Mullimeetod>
5900: 12458900, 12265100, 12302199, 12336800, 12328599, 12288799, 12238099, 12326700, 12399799, 12320400
<Kiirmeetod>
5900: 344501, 333199, 323500, 320900, 318299, 317099, 315399, 316099, 315199, 315899
<java.util.Arrays.sort>
5900: 130000, 116500, 106200, 101501, 96901, 95300, 93500, 91500, 90301, 89899
<Mullimeetod>
6000: 12780600, 12828600, 12858100, 13375800, 13428401, 13254700, 13143399, 12898099, 12824900, 12773200
<Kiirmeetod>
6000: 364500, 351600, 344901, 336400, 335600, 333100, 331100, 334600, 332401, 336600
<java.util.Arrays.sort>
6000: 132200, 119899, 108100, 101100, 96299, 93700, 91600, 90600, 88100, 87901
<Mullimeetod>
6100: 13324400, 13219001, 13152801, 13288999, 13168500, 13154701, 13574300, 14192801, 13554100, 13434600
<Kiirmeetod>
6100: 367800, 352701, 344799, 339200, 336900, 334600, 331600, 333000, 345000, 333200
<java.util.Arrays.sort>
6100: 143100, 127100, 116400, 111499, 106000, 103400, 101600, 100700, 100400, 99199
<Mullimeetod>
6200: 13828500, 14384201, 15262100, 15502500, 15396700, 15315900, 15314900, 15314000, 15521699, 15401101
<Kiirmeetod>
6200: 429899, 413400, 407300, 406100, 408000, 404100, 415799, 399800, 401001, 400400
<java.util.Arrays.sort>
6200: 171800, 147400, 143600, 138300, 133801, 127200, 127501, 123300, 119499, 117800
<Mullimeetod>
6300: 15958899, 15859499, 15671400, 15012000, 14619100, 14786301, 14418300, 14047300, 14029100, 14482899
<Kiirmeetod>
6300: 395601, 383100, 373200, 373299, 366600, 369400, 366800, 364500, 367100, 367300
<java.util.Arrays.sort>
6300: 136501, 128600, 120201, 107400, 104100, 102700, 99900, 101300, 97499, 98000
<Mullimeetod>
6400: 14824200, 14549300, 14654799, 14556000, 14650601, 15221700, 15732000, 15951499, 15908800, 16162801
<Kiirmeetod>
6400: 458100, 435600, 426100, 420200, 414600, 415799, 416600, 416001, 418099, 414600
<java.util.Arrays.sort>
6400: 155300, 141301, 127299, 120000, 116100, 114700, 111000, 109300, 118100, 108799
<Mullimeetod>
6500: 16586001, 16297600, 16443699, 16363200, 15734000, 15404900, 15235500, 15077100, 14944400, 15026001
<Kiirmeetod>
6500: 413200, 400500, 394701, 386800, 388201, 384200, 386900, 384699, 386500, 383800
<java.util.Arrays.sort>
6500: 147701, 135301, 133100, 116600, 112600, 109599, 110100, 107299, 106800, 105800
<Mullimeetod>
6600: 15548600, 15577500, 15534600, 15330900, 15786399, 16579999, 16711100, 16797400, 17167900, 17690900
<Kiirmeetod>
6600: 477201, 472601, 456099, 451699, 446700, 446901, 443800, 451901, 445901, 447200
<java.util.Arrays.sort>
6600: 159001, 144600, 133800, 141699, 124500, 119100, 116999, 123400, 114700, 113399
<Mullimeetod>
6700: 18003500, 17778200, 17928701, 17946900, 17833001, 18223700, 18089200, 17378200, 17373300, 17545200
<Kiirmeetod>
6700: 463600, 452200, 443300, 439400, 439600, 432000, 431500, 431101, 438800, 429100
<java.util.Arrays.sort>
6700: 162900, 146000, 134100, 126099, 123700, 120800, 132000, 118799, 114800, 117299
<Mullimeetod>
6800: 17273600, 17092400, 17068800, 17279500, 17063900, 16886500, 16728399, 16682600, 16662000, 16517301
<Kiirmeetod>
6800: 440200, 438500, 428100, 424001, 421100, 420600, 424101, 421401, 419201, 418800
<java.util.Arrays.sort>
6800: 141500, 129900, 119300, 111199, 109600, 109401, 111900, 104999, 109900, 104801
<Mullimeetod>
6900: 17054000, 16947200, 16892800, 16972799, 17307900, 17216700, 17870799, 18097200, 18054900, 17737000
<Kiirmeetod>
6900: 476200, 464501, 455001, 452001, 449601, 450400, 449000, 445700, 446299, 445600
<java.util.Arrays.sort>
6900: 159199, 148999, 136800, 132000, 125100, 128000, 120701, 119999, 119900, 120900
<Mullimeetod>
7000: 17866000, 17730400, 17603899, 18064699, 18647100, 18962800, 19096500, 19374799, 19118399, 18369500
<Kiirmeetod>
7000: 482899, 471700, 463199, 453299, 458600, 458300, 456199, 457800, 458600, 450901
<java.util.Arrays.sort>
7000: 163500, 148700, 136900, 130201, 126399, 124600, 121400, 121400, 131299, 124600
<Mullimeetod>
7100: 18245699, 17983200, 17924701, 18289099, 18166700, 17993499, 17880099, 18042100, 17799999, 17814500
<Kiirmeetod>
7100: 470000, 461701, 454900, 452300, 456400, 449800, 462600, 446700, 448101, 448501
<java.util.Arrays.sort>
7100: 160300, 146401, 135001, 128501, 126499, 121500, 120800, 119801, 121399, 118500
<Mullimeetod>
7200: 18497300, 18281800, 18266400, 18284400, 18586201, 18986200, 18607600, 18458399, 18417699, 18456200
<Kiirmeetod>
7200: 474500, 477100, 463200, 459300, 458400, 457100, 465000, 469500, 461100, 461900
<java.util.Arrays.sort>
7200: 165199, 148800, 136600, 130100, 127499, 127900, 124500, 125100, 123700, 123300
<Mullimeetod>
7300: 20039501, 19728500, 20176901, 20405500, 19850000, 19392401, 19240301, 19027900, 18906800, 18839399
<Kiirmeetod>
7300: 496601, 487901, 475500, 477700, 474500, 480299, 478400, 480201, 478299, 479800
<java.util.Arrays.sort>
7300: 166100, 155899, 143800, 136599, 142500, 129901, 127901, 124700, 125600, 125000
<Mullimeetod>
7400: 19609699, 19542100, 19338799, 19316100, 19276799, 19275700, 20253800, 19480401, 19397600, 19939200
<Kiirmeetod>
7400: 531000, 526199, 516499, 510900, 513900, 509700, 507599, 513199, 510000, 516999
<java.util.Arrays.sort>
7400: 165901, 160300, 145401, 136101, 130400, 128401, 125199, 123700, 123400, 122900
<Mullimeetod>
7500: 20994101, 20079000, 19851000, 19966500, 20385901, 21579600, 21869100, 22889300, 23107500, 22650999
<Kiirmeetod>
7500: 568500, 558601, 547901, 545001, 553900, 544100, 545500, 543401, 543100, 539899
<java.util.Arrays.sort>
7500: 188601, 177400, 164800, 155400, 149200, 150200, 148500, 144701, 141899, 140300
<Mullimeetod>
7600: 22003900, 21127301, 20803000, 20436199, 20314800, 20177200, 20192600, 20428199, 20280499, 20286300
<Kiirmeetod>
7600: 519100, 506000, 498601, 497701, 503001, 495700, 494801, 496399, 496899, 494100
<java.util.Arrays.sort>
7600: 170500, 155401, 144299, 138000, 137900, 135700, 134000, 136100, 131900, 132600
<Mullimeetod>
7700: 20843600, 20843599, 21089100, 21388800, 21196099, 20916700, 21401201, 21421200, 21171299, 20877499
<Kiirmeetod>
7700: 529901, 518300, 513999, 510300, 514100, 519900, 515900, 516700, 525600, 526299
<java.util.Arrays.sort>
7700: 177701, 163001, 149401, 144701, 139800, 155600, 139301, 141800, 138301, 138400
<Mullimeetod>
7800: 22866199, 23112101, 22718800, 21856599, 21250000, 21208299, 21370500, 21406600, 21502100, 21637701
<Kiirmeetod>
7800: 548400, 539399, 530299, 525500, 530100, 525100, 521699, 523300, 521499, 525300
<java.util.Arrays.sort>
7800: 176299, 164300, 152300, 144401, 141199, 139900, 136800, 138000, 138000, 138600
<Mullimeetod>
7900: 21985100, 21881299, 21962100, 21808099, 21890100, 22007699, 21940800, 21869801, 22147900, 22732600
<Kiirmeetod>
7900: 606600, 582900, 592100, 573201, 584701, 581200, 572200, 583400, 575501, 587700
<java.util.Arrays.sort>
7900: 189800, 174499, 163599, 160699, 155900, 150300, 149301, 157700, 147601, 149201
<Mullimeetod>
8000: 24254800, 24321900, 25487100, 24282700, 22938000, 22872701, 22532500, 22547100, 22692400, 22885600
<Kiirmeetod>
8000: 591501, 582501, 575800, 577100, 571499, 574199, 571600, 588200, 583801, 576300
<java.util.Arrays.sort>
8000: 178500, 166099, 152600, 145800, 144699, 142300, 139900, 137800, 147800, 137400
<Mullimeetod>
8100: 24167301, 24274899, 24482599, 24278000, 23934500, 23781500, 24794499, 24208600, 23219499, 22963900
<Kiirmeetod>
8100: 585400, 575500, 567400, 567700, 568300, 566300, 569601, 568000, 568800, 576600
<java.util.Arrays.sort>
8100: 174699, 161199, 147999, 141300, 137800, 137100, 137000, 133500, 133801, 130901
<Mullimeetod>
8200: 23753901, 23614300, 24328301, 24420999, 24605199, 24518400, 24251200, 24280800, 24359501, 24098899
<Kiirmeetod>
8200: 601000, 592600, 581100, 577499, 578800, 577500, 578201, 575701, 578301, 579099
<java.util.Arrays.sort>
8200: 180101, 170100, 155800, 150599, 145800, 145300, 145301, 143400, 143199, 141400
<Mullimeetod>
8300: 25168500, 25071200, 24896401, 24783201, 24585900, 24484401, 24124400, 24081800, 24392800, 24296901
<Kiirmeetod>
8300: 620499, 614600, 621701, 605999, 607099, 620099, 618000, 612900, 612100, 622000
<java.util.Arrays.sort>
8300: 192500, 183100, 163699, 158200, 151000, 151900, 161900, 149300, 150900, 148301
<Mullimeetod>
8400: 26756900, 27350201, 28245101, 26621300, 25412200, 24909900, 24911401, 26338001, 27024599, 26150401
<Kiirmeetod>
8400: 640100, 633001, 625800, 613701, 618899, 617200, 617700, 615001, 617499, 621200
<java.util.Arrays.sort>
8400: 193000, 182400, 168300, 160499, 156300, 155301, 155600, 153500, 151600, 149000
<Mullimeetod>
8500: 26368400, 26057299, 26183399, 25645600, 25455400, 25596999, 26950400, 26637999, 25833900, 25360300
<Kiirmeetod>
8500: 635099, 628400, 619400, 618400, 617399, 615600, 624101, 617201, 617900, 619699
<java.util.Arrays.sort>
8500: 191301, 178801, 165901, 158300, 158400, 157200, 154800, 162600, 156300, 151299
<Mullimeetod>
8600: 26468301, 26821799, 26509900, 26652700, 26352700, 26006500, 26048400, 25907600, 26515801, 27286899
<Kiirmeetod>
8600: 657100, 656100, 645599, 654900, 631699, 641000, 632799, 635300, 633200, 638801
<java.util.Arrays.sort>
8600: 193800, 183800, 173000, 165000, 161801, 158900, 160399, 156000, 157801, 157900
<Mullimeetod>
8700: 27102701, 27113201, 27710499, 28090700, 27196399, 26961299, 27785100, 29456500, 29996900, 30639200
<Kiirmeetod>
8700: 740900, 728800, 726700, 715999, 710100, 710500, 704800, 703700, 700701, 697400
<java.util.Arrays.sort>
8700: 208900, 200499, 186300, 179501, 176301, 179501, 170401, 172300, 174100, 172101
<Mullimeetod>
8800: 28210300, 27230000, 27304800, 30744099, 27514901, 27468300, 27415300, 27468700, 27488600, 27692799
<Kiirmeetod>
8800: 669300, 650200, 648199, 658200, 648401, 654100, 639800, 656500, 645200, 650700
<java.util.Arrays.sort>
8800: 185200, 175900, 164101, 157701, 154500, 155600, 151200, 155601, 150000, 149200
<Mullimeetod>
8900: 28567700, 29246600, 29636800, 28141401, 28172300, 28482600, 30323500, 28609101, 28709100, 27998101
<Kiirmeetod>
8900: 672400, 685000, 701000, 670000, 672600, 653699, 667999, 666100, 666699, 657400
<java.util.Arrays.sort>
8900: 187800, 186899, 169800, 156201, 152000, 151000, 148601, 157301, 147700, 147300
<Mullimeetod>
9000: 29098401, 29255100, 28901700, 28754800, 29166899, 29170500, 28867101, 28611001, 28579800, 28618900
<Kiirmeetod>
9000: 673499, 668999, 674100, 656200, 679500, 879100, 839800, 823701, 726899, 669800
<java.util.Arrays.sort>
9000: 182700, 175700, 171599, 155400, 151601, 148899, 147999, 146899, 178699, 190300
<Mullimeetod>
9100: 34187400, 39984801, 41216801, 31039100, 30309801, 29915400, 29556399, 29768400, 30484100, 30458300
<Kiirmeetod>
9100: 727399, 700800, 698200, 695701, 682101, 685200, 851201, 808400, 704500, 685799
<java.util.Arrays.sort>
9100: 187801, 184700, 165601, 158500, 155301, 153900, 152300, 157000, 151500, 150700
<Mullimeetod>
9200: 30253500, 30418300, 29363301, 29523800, 29519400, 29544001, 29679699, 29905800, 30171601, 30273600
<Kiirmeetod>
9200: 707099, 696699, 695100, 695100, 693701, 691899, 698999, 696699, 702400, 702700
<java.util.Arrays.sort>
9200: 182100, 173099, 156400, 148201, 144401, 142399, 140800, 150501, 156600, 151300
<Mullimeetod>
9300: 30293100, 30078501, 29925500, 30244100, 30315700, 30145900, 30147000, 30783101, 31583101, 30349500
<Kiirmeetod>
9300: 722100, 714401, 714601, 710601, 712900, 710900, 710400, 708500, 710800, 709101
<java.util.Arrays.sort>
9300: 182400, 169600, 158200, 151500, 148300, 146900, 145600, 146000, 145999, 145400
<Mullimeetod>
9400: 30970100, 33103100, 33817100, 34772300, 32685600, 30985800, 30681801, 30683600, 30788100, 31041500
<Kiirmeetod>
9400: 730400, 723100, 715399, 718500, 716500, 718800, 723100, 716900, 717300, 717700
<java.util.Arrays.sort>
9400: 194900, 178699, 168800, 160800, 160399, 158500, 156301, 156000, 163501, 155301
<Mullimeetod>
9500: 31938200, 33143500, 32939400, 31857100, 31891900, 32726500, 32436300, 31842300, 32576901, 32704099
<Kiirmeetod>
9500: 760100, 750700, 743600, 742400, 743301, 742301, 749000, 751800, 753299, 758399
<java.util.Arrays.sort>
9500: 212101, 193700, 179900, 171599, 169500, 165500, 164001, 163301, 162501, 161901
<Mullimeetod>
9600: 32702700, 32366700, 36326000, 36333201, 36346800, 34990601, 33159799, 32000999, 32580400, 32494601
<Kiirmeetod>
9600: 761400, 744701, 743401, 739901, 739699, 741400, 750700, 738899, 745599, 744300
<java.util.Arrays.sort>
9600: 212200, 197400, 183000, 173501, 170900, 169700, 175599, 167900, 166900, 166800
<Mullimeetod>
9700: 33899101, 35663501, 36781200, 36250200, 33590699, 33284999, 35372699, 34820499, 33356700, 33148299
<Kiirmeetod>
9700: 786001, 776000, 770201, 768599, 767400, 764900, 771900, 772301, 773100, 789800
<java.util.Arrays.sort>
9700: 216700, 189200, 178100, 174199, 170900, 169699, 169300, 168200, 168500, 169100
<Mullimeetod>
9800: 34047300, 34766500, 34623301, 37225400, 39398800, 39555599, 39385400, 39979500, 40420400, 40093701
<Kiirmeetod>
9800: 973499, 959800, 950600, 963300, 956400, 966000, 965399, 961900, 951699, 1031299
<java.util.Arrays.sort>
9800: 252500, 233899, 214400, 206701, 202001, 198600, 195901, 197900, 196000, 195200
<Mullimeetod>
9900: 42445901, 41473399, 40196800, 38899401, 37613200, 39064500, 39855400, 41418200, 42050400, 43547999
<Kiirmeetod>
9900: 1065800, 1000699, 985799, 996800, 1036199, 995700, 975999, 981500, 976600, 1010400
<java.util.Arrays.sort>
9900: 270100, 246899, 229000, 220500, 215900, 213099, 212000, 211800, 211701, 211700
<Mullimeetod>
10000: 43531300, 42600399, 38002100, 37998200, 40043000, 40535001, 40289700, 39772601, 39970401, 40528500
<Kiirmeetod>
10000: 968000, 949000, 941300, 939700, 952799, 946000, 933000, 943401, 939300, 955601
<java.util.Arrays.sort>
10000: 239701, 223900, 208600, 200600, 197500, 196201, 204000, 196299, 195600, 197000
