[Erijuht 2. Sorteeritud
[Sisendi suurus (n)	Aeg (ns)]
<Mullimeetod>
0: 300, 200, 100, 100, 199, 200, 200, 200, 200, 200
<Kiirmeetod>
0: 800, 600, 700, 600, 1100, 700, 1000, 1200, 1100, 1100
<java.util.Arrays.sort>
0: 1800, 1401, 1000, 1000, 901, 900, 1100, 2200, 1400, 1000
<Mullimeetod>
100: 159899, 165001, 154100, 155599, 168100, 145500, 143100, 154300, 144899, 144799
<Kiirmeetod>
100: 318700, 262500, 66300, 28700, 29600, 31300, 31300, 48901, 30600, 42300
<java.util.Arrays.sort>
100: 14700, 4699, 4201, 4001, 4100, 4300, 4099, 4099, 4200, 6099
<Mullimeetod>
200: 609400, 78799, 99600, 75400, 70401, 70501, 70000, 70401, 70100, 70299
<Kiirmeetod>
200: 111900, 49900, 8500, 8100, 7000, 9000, 6400, 8300, 94901, 8600
<java.util.Arrays.sort>
200: 10600, 7200, 6800, 6800, 6701, 10601, 6001, 5901, 5900, 5901
<Mullimeetod>
300: 135700, 166600, 153700, 137100, 166300, 168800, 184000, 166800, 166699, 149800
<Kiirmeetod>
300: 23299, 17100, 19401, 15900, 16900, 15800, 14401, 23600, 15800, 17500
<java.util.Arrays.sort>
300: 10701, 10500, 8600, 9400, 8501, 8900, 9900, 9200, 9899, 8400
<Mullimeetod>
400: 132901, 104601, 91700, 95400, 88201, 90100, 87199, 89399, 87599, 123500
<Kiirmeetod>
400: 40600, 28000, 24500, 26399, 24700, 25700, 24299, 24701, 23600, 24300
<java.util.Arrays.sort>
400: 14200, 11600, 13400, 11499, 15900, 11600, 10500, 24600, 17200, 19100
<Mullimeetod>
500: 172800, 126900, 167300, 179900, 168000, 152000, 122000, 120600, 124000, 104700
<Kiirmeetod>
500: 52500, 42300, 37699, 39501, 35200, 39400, 37900, 36600, 37200, 37699
<java.util.Arrays.sort>
500: 15100, 15100, 15600, 13099, 16500, 15500, 17200, 16300, 15000, 16500
<Mullimeetod>
600: 135500, 130200, 143001, 125401, 128700, 129499, 132100, 118001, 118201, 117400
<Kiirmeetod>
600: 101300, 55599, 54900, 56900, 52199, 54501, 63800, 54200, 52101, 53399
<java.util.Arrays.sort>
600: 20800, 16700, 25400, 20301, 19400, 17099, 20800, 18400, 16200, 16900
<Mullimeetod>
700: 144801, 137200, 134200, 147000, 214900, 140800, 133901, 130201, 129200, 129699
<Kiirmeetod>
700: 81899, 73899, 83401, 74900, 69299, 73501, 70600, 70200, 69900, 70599
<java.util.Arrays.sort>
700: 20599, 20901, 21400, 21399, 21000, 20500, 21599, 22600, 22100, 20900
<Mullimeetod>
800: 181300, 172801, 162699, 160800, 160099, 169200, 169299, 185300, 200700, 169700
<Kiirmeetod>
800: 135200, 134601, 126100, 116200, 127099, 153800, 106700, 100199, 99100, 135500
<java.util.Arrays.sort>
800: 33399, 32100, 28100, 27599, 28400, 29201, 33900, 25801, 31700, 33100
<Mullimeetod>
900: 323699, 248500, 188600, 178100, 219700, 175801, 186799, 158200, 176200, 193500
<Kiirmeetod>
900: 128000, 171800, 125201, 121501, 116300, 115200, 115999, 116700, 135199, 124501
<java.util.Arrays.sort>
900: 21500, 22599, 21299, 21099, 21099, 20900, 21000, 38400, 21300, 21000
<Mullimeetod>
1000: 175701, 177800, 189999, 169200, 166400, 176900, 214500, 192799, 169700, 168001
<Kiirmeetod>
1000: 147300, 139000, 135401, 141000, 160900, 146000, 145201, 144800, 138500, 139200
<java.util.Arrays.sort>
1000: 27800, 26000, 44500, 25100, 24800, 24800, 24700, 24500, 24799, 43000
<Mullimeetod>
1100: 223400, 179800, 173600, 178699, 184500, 177600, 182300, 123000, 124500, 114900
<Kiirmeetod>
1100: 167900, 202599, 153300, 156299, 154600, 147200, 154599, 154200, 172700, 159300
<java.util.Arrays.sort>
1100: 7699, 6500, 6799, 6300, 7500, 6100, 41300, 10399, 6700, 8100
<Mullimeetod>
1200: 127800, 126700, 126500, 129301, 129100, 167600, 163900, 212300, 150599, 122000
<Kiirmeetod>
1200: 186100, 191199, 187800, 181700, 188300, 187799, 190100, 206401, 183500, 184600
<java.util.Arrays.sort>
1200: 6099, 5699, 4799, 4700, 5300, 4600, 4500, 4400, 5501, 4601
<Mullimeetod>
1300: 147501, 144900, 154600, 147201, 147299, 150100, 146701, 147900, 156200, 135900
<Kiirmeetod>
1300: 200699, 187400, 190400, 199200, 257800, 271300, 264300, 273700, 213199, 215200
<java.util.Arrays.sort>
1300: 10800, 5900, 5900, 4800, 5900, 5500, 7400, 6700, 5200, 12400
<Mullimeetod>
1400: 173800, 162401, 157300, 156000, 156901, 155900, 157099, 153800, 153800, 152900
<Kiirmeetod>
1400: 227500, 219701, 215900, 237100, 225201, 213500, 293999, 325899, 314900, 279800
<java.util.Arrays.sort>
1400: 6201, 5301, 6201, 200000, 7799, 7199, 10800, 10500, 5799, 6199
<Mullimeetod>
1500: 202500, 213800, 199200, 196201, 196600, 197800, 206300, 198400, 197401, 201901
<Kiirmeetod>
1500: 329499, 308401, 312501, 321500, 315799, 299000, 300300, 293299, 291200, 298000
<java.util.Arrays.sort>
1500: 8799, 5399, 5999, 5899, 64200, 7299, 5299, 6099, 5399, 7899
<Mullimeetod>
1600: 212000, 209100, 226100, 228500, 228000, 220899, 220400, 223500, 221701, 227299
<Kiirmeetod>
1600: 354300, 331901, 328199, 379601, 393500, 334699, 348201, 341999, 342699, 348100
<java.util.Arrays.sort>
1600: 5401, 3900, 4501, 4701, 2700, 4999, 4399, 2800, 4500, 4800
<Mullimeetod>
1700: 261100, 260100, 269000, 313200, 270501, 274600, 282500, 290400, 281401, 249500
<Kiirmeetod>
1700: 369099, 365000, 399000, 384500, 366400, 356301, 357701, 388999, 370199, 378600
<java.util.Arrays.sort>
1700: 6699, 4199, 3600, 6399, 2600, 4800, 5699, 3600, 5800, 2500
<Mullimeetod>
1800: 305400, 304200, 286400, 286699, 284900, 308100, 294899, 294501, 273801, 252600
<Kiirmeetod>
1800: 375699, 391300, 412200, 407200, 360900, 365901, 384400, 391600, 389101, 437299
<java.util.Arrays.sort>
1800: 4300, 3700, 4001, 4101, 3601, 3899, 7100, 5099, 2700, 2800
<Mullimeetod>
1900: 352400, 300400, 304500, 297199, 272600, 269801, 268599, 274900, 282401, 303399
<Kiirmeetod>
1900: 469300, 512899, 467500, 425901, 423800, 406601, 406201, 451900, 458600, 436299
<java.util.Arrays.sort>
1900: 5201, 3700, 3299, 3400, 3800, 3200, 3401, 3199, 6299, 3400
<Mullimeetod>
2000: 330099, 322500, 326900, 312400, 323000, 336700, 333700, 349400, 323099, 323500
<Kiirmeetod>
2000: 449600, 435499, 461300, 484699, 466000, 435600, 473600, 481800, 597799, 481101
<java.util.Arrays.sort>
2000: 13900, 7101, 5600, 6899, 6499, 7199, 6699, 8400, 6200, 9100
<Mullimeetod>
2100: 448000, 434799, 346400, 354099, 363900, 343601, 329001, 338900, 379101, 376199
<Kiirmeetod>
2100: 527199, 511001, 554800, 557600, 496399, 517000, 530101, 555700, 531000, 535300
<java.util.Arrays.sort>
2100: 7001, 8201, 4600, 3801, 3901, 3599, 3700, 3600, 11199, 4399
<Mullimeetod>
2200: 402900, 419001, 406701, 404301, 373000, 385200, 418000, 419700, 454700, 427200
<Kiirmeetod>
2200: 679899, 648701, 638899, 657400, 572099, 879800, 637000, 605501, 580000, 591501
<java.util.Arrays.sort>
2200: 9300, 7900, 9200, 8901, 8100, 34100, 9701, 6600, 6100, 22100
<Mullimeetod>
2300: 467300, 421601, 481900, 498800, 488501, 481599, 450499, 431099, 424600, 413600
<Kiirmeetod>
2300: 605000, 563201, 619999, 637500, 573301, 600801, 585201, 577700, 572500, 575700
<java.util.Arrays.sort>
2300: 16900, 3500, 4101, 3299, 3600, 5600, 3900, 3701, 5400, 4299
<Mullimeetod>
2400: 442999, 442900, 439999, 438400, 440100, 457599, 471300, 481999, 466300, 522701
<Kiirmeetod>
2400: 770701, 768600, 798400, 751300, 771200, 787900, 729400, 753100, 994200, 708301
<java.util.Arrays.sort>
2400: 5700, 4801, 4300, 4300, 4799, 6099, 4100, 5400, 4400, 5800
<Mullimeetod>
2500: 558600, 555600, 558299, 552499, 518500, 517699, 530500, 538901, 509601, 507401
<Kiirmeetod>
2500: 738200, 681300, 759599, 766600, 811500, 790099, 764500, 728200, 718200, 764500
<java.util.Arrays.sort>
2500: 4401, 7900, 4800, 3699, 4499, 3400, 3500, 7100, 3400, 4701
<Mullimeetod>
2600: 588801, 590900, 572699, 609000, 617401, 572501, 576199, 574101, 628800, 628700
<Kiirmeetod>
2600: 929600, 825400, 779000, 796600, 831001, 859401, 856100, 866100, 879501, 916900
<java.util.Arrays.sort>
2600: 6400, 3900, 5200, 4700, 3900, 5100, 7100, 4200, 5300, 6800
<Mullimeetod>
2700: 683101, 667799, 638800, 624799, 717500, 635700, 738300, 632600, 601900, 590200
<Kiirmeetod>
2700: 875601, 834201, 804000, 791299, 787700, 817700, 828700, 840800, 914000, 799501
<java.util.Arrays.sort>
2700: 5601, 4300, 5201, 5200, 6200, 4300, 5499, 7799, 5799, 4000
<Mullimeetod>
2800: 603200, 597600, 592001, 583800, 594500, 583200, 556500, 569300, 596500, 581000
<Kiirmeetod>
2800: 837201, 862900, 843900, 848901, 905699, 854800, 856700, 848001, 869000, 952199
<java.util.Arrays.sort>
2800: 6101, 4801, 4801, 3599, 3599, 4400, 4500, 4500, 4500, 13999
<Mullimeetod>
2900: 681700, 658600, 628700, 608499, 630400, 636899, 626000, 726700, 685900, 671500
<Kiirmeetod>
2900: 1107901, 1213801, 1172999, 1181801, 1135900, 1137099, 1202500, 1583100, 1347701, 1206700
<java.util.Arrays.sort>
2900: 6800, 5400, 7799, 6700, 6100, 9200, 6401, 6300, 5000, 4800
<Mullimeetod>
3000: 831399, 804600, 798701, 821401, 770199, 780800, 784299, 783999, 931500, 886800
<Kiirmeetod>
3000: 1303300, 1242401, 1118600, 1150000, 1197599, 1103000, 1082400, 1076600, 1107899, 1133300
<java.util.Arrays.sort>
3000: 6000, 6599, 8600, 5200, 7700, 5001, 4900, 7500, 5401, 5701
<Mullimeetod>
3100: 834899, 821600, 806399, 792100, 808500, 797699, 770599, 777500, 810500, 811901
<Kiirmeetod>
3100: 1227101, 1203500, 1162400, 1105000, 1119200, 1213999, 1243500, 1265301, 1309400, 1159899
<java.util.Arrays.sort>
3100: 6799, 5299, 7700, 5201, 5401, 5201, 5901, 5300, 5100, 5100
<Mullimeetod>
3200: 857800, 769899, 748900, 748600, 791200, 802401, 809099, 788301, 845400, 792000
<Kiirmeetod>
3200: 1266501, 1255500, 1095399, 1123799, 1095300, 1101200, 1105300, 1093099, 1101200, 1093400
<java.util.Arrays.sort>
3200: 6500, 9799, 5599, 6799, 5600, 5500, 7800, 5300, 6300, 5500
<Mullimeetod>
3300: 795600, 850799, 873899, 814799, 833199, 815599, 790700, 823100, 825600, 875501
<Kiirmeetod>
3300: 1428900, 1276100, 1210501, 1193200, 1162900, 1152100, 1196700, 1185000, 1214600, 1165500
<java.util.Arrays.sort>
3300: 8000, 5499, 6899, 4499, 4600, 4800, 4400, 4601, 4501, 4399
<Mullimeetod>
3400: 864100, 858999, 838600, 868401, 879499, 890399, 914100, 903899, 854100, 843800
<Kiirmeetod>
3400: 1286100, 1281900, 1539800, 1323201, 1484500, 1575700, 1413399, 1355100, 1446800, 1467500
<java.util.Arrays.sort>
3400: 8099, 5500, 6200, 6000, 6600, 6301, 6601, 10401, 8699, 9500
<Mullimeetod>
3500: 1149100, 1039200, 988701, 975599, 1059700, 966599, 1063900, 961300, 898900, 960800
<Kiirmeetod>
3500: 1606700, 1476499, 1551401, 1508801, 1499100, 1474800, 1576599, 1541301, 1556600, 1471400
<java.util.Arrays.sort>
3500: 6201, 10301, 6900, 5100, 6300, 6800, 6500, 4899, 5800, 4799
<Mullimeetod>
3600: 1057800, 1066900, 1029301, 1029700, 995999, 964500, 1016500, 1024300, 998200, 981899
<Kiirmeetod>
3600: 1562099, 1559700, 1607601, 1471601, 1571800, 1540299, 1589900, 1630199, 2745600, 2892899
<java.util.Arrays.sort>
3600: 10100, 8799, 8701, 6999, 9200, 7100, 7200, 8300, 10400, 7700
<Mullimeetod>
3700: 1358000, 1348499, 1381601, 1323599, 1317501, 1394099, 1411800, 1189099, 1078101, 1054700
<Kiirmeetod>
3700: 1605800, 1599601, 1597000, 1583799, 1590700, 1775500, 1674100, 1540499, 1537500, 1724400
<java.util.Arrays.sort>
3700: 6901, 6701, 6500, 6900, 5500, 6400, 6200, 5400, 8799, 6400
<Mullimeetod>
3800: 1138400, 1086900, 1085500, 1226000, 1264101, 1300099, 1345900, 1211701, 1258501, 1060501
<Kiirmeetod>
3800: 1675900, 2001300, 1977601, 1768300, 1790800, 1676001, 1677000, 1969501, 1681900, 1643399
<java.util.Arrays.sort>
3800: 8600, 6300, 8300, 10501, 11799, 10500, 8301, 7000, 6600, 5900
<Mullimeetod>
3900: 1180500, 1193801, 1136399, 1104700, 1102500, 1201401, 1226600, 1402900, 1376000, 1220600
<Kiirmeetod>
3900: 1824900, 1792200, 1687700, 1685600, 1707300, 1736499, 1754600, 1814401, 1970700, 2225100
<java.util.Arrays.sort>
3900: 9200, 10900, 7200, 6801, 7201, 5700, 10199, 5799, 7800, 6801
<Mullimeetod>
4000: 1487600, 1388001, 1355501, 1338099, 1277700, 1327100, 1472399, 1297100, 1328700, 1707900
<Kiirmeetod>
4000: 2002600, 1828801, 1818000, 1807900, 1776899, 1969000, 2096400, 1970300, 1968599, 1889901
<java.util.Arrays.sort>
4000: 9799, 6599, 6199, 6199, 6099, 11800, 7901, 6500, 5500, 6900
<Mullimeetod>
4100: 1328100, 1365400, 1390100, 1312801, 1318300, 1303000, 1334200, 1329900, 1247200, 1339399
<Kiirmeetod>
4100: 1866401, 1797700, 1932901, 1930500, 1945901, 1957000, 1995200, 1969601, 2041100, 2057600
<java.util.Arrays.sort>
4100: 10699, 6500, 6200, 6700, 6400, 6301, 6301, 6801, 6600, 6300
<Mullimeetod>
4200: 1548799, 1467300, 1384000, 1321699, 1324100, 1320300, 1340601, 1370199, 1435400, 1432299
<Kiirmeetod>
4200: 2001701, 2155000, 2181101, 1941100, 1975400, 1981700, 2151999, 2584200, 3421899, 3558201
<java.util.Arrays.sort>
4200: 16800, 11400, 7800, 7901, 7800, 7999, 7400, 14200, 11200, 10600
<Mullimeetod>
4300: 1963000, 2353500, 1958200, 1960001, 1744800, 1812800, 1939699, 1651000, 2148300, 1764800
<Kiirmeetod>
4300: 2410800, 3713800, 3721800, 3846101, 2507900, 3702300, 3053201, 2341500, 2173400, 2116000
<java.util.Arrays.sort>
4300: 8299, 6400, 13200, 7900, 6600, 6900, 6400, 6500, 11300, 7601
<Mullimeetod>
4400: 1559700, 1550099, 1541500, 1570700, 1684801, 1654100, 1641601, 1546500, 1592600, 1564700
<Kiirmeetod>
4400: 2403399, 2506900, 2233799, 2219500, 2251500, 2196000, 2178300, 2302299, 2231100, 2297700
<java.util.Arrays.sort>
4400: 15600, 9000, 7599, 6800, 6800, 9301, 8400, 8000, 9999, 9600
<Mullimeetod>
4500: 1626101, 1612801, 1751100, 1685000, 1647400, 1678801, 1558900, 1565601, 1579199, 1651300
<Kiirmeetod>
4500: 2366801, 2401799, 2278600, 2295400, 2251500, 2258799, 2281599, 2277800, 2356200, 2320701
<java.util.Arrays.sort>
4500: 8799, 6699, 7600, 6500, 7400, 6900, 7500, 6401, 7601, 6701
<Mullimeetod>
4600: 1576900, 1614099, 1549499, 1574800, 1742100, 1662699, 1642100, 1612800, 1611300, 1582901
<Kiirmeetod>
4600: 2272100, 2300201, 2350100, 2680100, 2569100, 2270301, 2425100, 2328499, 2272701, 2305999
<java.util.Arrays.sort>
4600: 9301, 11899, 7799, 8000, 7301, 7501, 8700, 8999, 8100, 6800
<Mullimeetod>
4700: 1884699, 1948801, 1731401, 1681700, 1811900, 1722200, 1620500, 1596299, 1706500, 1593701
<Kiirmeetod>
4700: 2602300, 2671500, 2444100, 2815799, 2834100, 2570000, 2651600, 2565000, 2435999, 2412700
<java.util.Arrays.sort>
4700: 7900, 7700, 7500, 9200, 6700, 7300, 7400, 6500, 9500, 7200
<Mullimeetod>
4800: 1737600, 1672499, 1643199, 1646200, 1631300, 1646201, 1725399, 1743400, 1854500, 1635800
<Kiirmeetod>
4800: 2456200, 2683800, 2528899, 2400700, 2329900, 2364399, 2353200, 2435800, 2398599, 2333901
<java.util.Arrays.sort>
4800: 10501, 6900, 6200, 6000, 13199, 8699, 7301, 6801, 6000, 7000
<Mullimeetod>
4900: 1676601, 1687200, 1676000, 1708099, 1698200, 1683000, 1700901, 1682200, 1682700, 1682900
<Kiirmeetod>
4900: 2469401, 2440101, 2447300, 2445700, 2507800, 2505599, 2455400, 2464299, 2459000, 2473001
<java.util.Arrays.sort>
4900: 9100, 18099, 7199, 7199, 6999, 6300, 7100, 7000, 7000, 7999
<Mullimeetod>
5000: 1771900, 1763700, 1751600, 1740800, 1737400, 1731699, 1742000, 1749901, 1748301, 1740701
<Kiirmeetod>
5000: 2529899, 2537400, 2555100, 2541001, 2554800, 2622199, 2595500, 2600501, 2614700, 2613600
<java.util.Arrays.sort>
5000: 8201, 9900, 7100, 10599, 9200, 6999, 7199, 6999, 6999, 6899
<Mullimeetod>
5100: 1856700, 1847500, 1881600, 1846300, 1875800, 2072599, 2060300, 2202600, 1919100, 2111500
<Kiirmeetod>
5100: 3115399, 3475901, 3409400, 5753700, 3146600, 2836600, 2739200, 2788699, 2708000, 2824600
<java.util.Arrays.sort>
5100: 9100, 7500, 7200, 7299, 7399, 7300, 7600, 9200, 7301, 7401
<Mullimeetod>
5200: 1904100, 1977101, 1911800, 1876800, 1947301, 1883101, 1876600, 1869700, 1869501, 1872100
<Kiirmeetod>
5200: 2723300, 2751500, 2755699, 2745000, 2739599, 2741100, 2766600, 2764199, 2753899, 2757899
<java.util.Arrays.sort>
5200: 9501, 2900, 2999, 3900, 3000, 3001, 2899, 2700, 2700, 2999
<Mullimeetod>
5300: 1962499, 1963900, 2005300, 2005201, 2008199, 1941801, 1948401, 1947201, 1948600, 1961899
<Kiirmeetod>
5300: 2858200, 2849601, 2847801, 2853301, 2848500, 2858500, 2861700, 2855500, 2861299, 2898500
<java.util.Arrays.sort>
5300: 8601, 9900, 19800, 7400, 7500, 7200, 7400, 8100, 8400, 7899
<Mullimeetod>
5400: 2050500, 2040301, 2039200, 2054800, 2043500, 2039100, 2045700, 2043100, 2036100, 2038801
<Kiirmeetod>
5400: 2974600, 2958201, 2956501, 2956600, 2946601, 2952200, 2946401, 2952000, 2972301, 2967000
<java.util.Arrays.sort>
5400: 4499, 3100, 2800, 3001, 2700, 2900, 2901, 2699, 2800, 3101
<Mullimeetod>
5500: 2108700, 2109500, 2111600, 2112400, 2120000, 2108399, 2104500, 2107500, 2099000, 2100001
<Kiirmeetod>
5500: 3065900, 3075700, 3067400, 3068801, 3061600, 3070399, 3082800, 3075200, 3065700, 3073100
<java.util.Arrays.sort>
5500: 7900, 7401, 2901, 2600, 2800, 2401, 2900, 2600, 2901, 2400
<Mullimeetod>
5600: 2185500, 2189199, 2189300, 2182599, 2165300, 2158299, 2170200, 2170500, 2174800, 2170400
<Kiirmeetod>
5600: 3179200, 3210200, 3220900, 3191300, 3214901, 3202201, 3211700, 3203400, 3202200, 3201000
<java.util.Arrays.sort>
5600: 9700, 10501, 3200, 3201, 2599, 3200, 3201, 3099, 3200, 3100
<Mullimeetod>
5700: 2268800, 2262101, 2261300, 2261300, 2257300, 2247500, 2247500, 2253600, 2252100, 2243699
<Kiirmeetod>
5700: 3284000, 3296000, 3296401, 3280100, 3324300, 3292100, 3283599, 3314000, 3285500, 3304500
<java.util.Arrays.sort>
5700: 3401, 3099, 2900, 2800, 2900, 3000, 2800, 3201, 2799, 3300
<Mullimeetod>
5800: 2341000, 2340100, 2342000, 2346200, 2340200, 2333100, 2320401, 2325800, 2325899, 2325800
<Kiirmeetod>
5800: 3408200, 3396700, 3396900, 3398400, 3429100, 3404200, 3408000, 3404801, 3413000, 3417100
<java.util.Arrays.sort>
5800: 4301, 3099, 3000, 2800, 3101, 3200, 3300, 2901, 3399, 3200
<Mullimeetod>
5900: 2443399, 2422000, 2423900, 2420300, 2421699, 2414700, 2411801, 2405800, 2405800, 2406001
<Kiirmeetod>
5900: 3580701, 3561500, 3552200, 3754299, 3556501, 3597100, 3635400, 3544900, 3583200, 3533800
<java.util.Arrays.sort>
5900: 4299, 3200, 3700, 3101, 3499, 3300, 3100, 3099, 3600, 3800
<Mullimeetod>
6000: 2539600, 2506500, 2502500, 2501800, 2501801, 2501601, 2490399, 2490600, 2487101, 2486700
<Kiirmeetod>
6000: 3624400, 3639500, 3641500, 3738199, 3635400, 3682600, 3647599, 3705699, 3644800, 3720700
<java.util.Arrays.sort>
6000: 3000, 3001, 2700, 3100, 3201, 2999, 3100, 2701, 2899, 3100
<Mullimeetod>
6100: 2595800, 2603400, 2583700, 2584200, 2567700, 2573899, 2569200, 2572101, 2565500, 2568901
<Kiirmeetod>
6100: 3759600, 3762400, 3764500, 3768199, 3771800, 3774100, 3756699, 3770500, 3760800, 3758600
<java.util.Arrays.sort>
6100: 4001, 3599, 3600, 3300, 3301, 3399, 3100, 3300, 3400, 3501
<Mullimeetod>
6200: 2671401, 2677500, 2671901, 2673199, 2658499, 2666399, 2669099, 2690700, 2693400, 2681600
<Kiirmeetod>
6200: 3929500, 4032100, 4041600, 3945800, 3921400, 3990600, 4045100, 4047199, 4015900, 4029900
<java.util.Arrays.sort>
6200: 5199, 3500, 3000, 8601, 3400, 3701, 3599, 3400, 3600, 3400
<Mullimeetod>
6300: 2831100, 2799100, 2829500, 2734900, 2782900, 2840299, 2839100, 2768000, 2801499, 2826000
<Kiirmeetod>
6300: 4161100, 4231800, 4210400, 4208800, 4230099, 4382000, 4357100, 4383400, 4393901, 4248400
<java.util.Arrays.sort>
6300: 4400, 3901, 7000, 3499, 3500, 3700, 3801, 3899, 3100, 5500
<Mullimeetod>
6400: 2938400, 3004601, 2864999, 2815100, 2807800, 2819300, 2808000, 2822601, 2810200, 2831000
<Kiirmeetod>
6400: 4139801, 4141100, 4136700, 4158100, 4130000, 4181000, 4134100, 4205100, 4143500, 4171100
<java.util.Arrays.sort>
6400: 3900, 3200, 3201, 3299, 3600, 3400, 10801, 3900, 3701, 3399
<Mullimeetod>
6500: 2933400, 2937899, 2935500, 2934100, 2928199, 2918000, 2932000, 2917799, 2930800, 2931901
<Kiirmeetod>
6500: 4282400, 4276800, 4267599, 4307400, 4389900, 4273399, 4375699, 4277400, 4346300, 4270899
<java.util.Arrays.sort>
6500: 4000, 3300, 3201, 4099, 3500, 3800, 3901, 3699, 3600, 3500
<Mullimeetod>
6600: 3022801, 3019500, 3031200, 3025701, 3015600, 2987900, 3001801, 3001301, 3006900, 3016201
<Kiirmeetod>
6600: 4424101, 4410901, 4534701, 4444900, 4438100, 4425700, 4479700, 4428601, 4423300, 4410100
<java.util.Arrays.sort>
6600: 4600, 3400, 3401, 3899, 3600, 4000, 3500, 3501, 5399, 3300
<Mullimeetod>
6700: 3120800, 3111401, 3112900, 3110600, 3102900, 3106799, 3091900, 3091700, 3091601, 3109499
<Kiirmeetod>
6700: 4536799, 4575299, 4588600, 4622700, 4645399, 4550800, 4638101, 4556699, 4559900, 4570300
<java.util.Arrays.sort>
6700: 4099, 3600, 3600, 3701, 3899, 3700, 3700, 3699, 4299, 3600
<Mullimeetod>
6800: 3205200, 3216000, 3201900, 3194299, 3184300, 3183700, 3217700, 3185000, 3203100, 3182200
<Kiirmeetod>
6800: 4742301, 4688901, 4675699, 4673600, 4676299, 4677400, 4748200, 4717400, 4755100, 4810901
<java.util.Arrays.sort>
6800: 4700, 3901, 4699, 3400, 3900, 3601, 3799, 4000, 3600, 3501
<Mullimeetod>
6900: 3303699, 3310899, 3288100, 3280800, 3287000, 3289199, 3306100, 3280600, 3286800, 3280800
<Kiirmeetod>
6900: 4832499, 4811100, 4808300, 4846100, 4869101, 4866201, 4869000, 4893000, 4879000, 4906100
<java.util.Arrays.sort>
6900: 4099, 3400, 3700, 10201, 3900, 3801, 3799, 4200, 4300, 3900
<Mullimeetod>
7000: 3472100, 3481801, 3451899, 3426500, 3403001, 3380300, 3380699, 3391700, 3376800, 3379800
<Kiirmeetod>
7000: 5086601, 5083500, 5075200, 5101701, 5072599, 5072301, 5248599, 5107901, 5112600, 5223400
<java.util.Arrays.sort>
7000: 4700, 4000, 3801, 3701, 3699, 3800, 4200, 3801, 3599, 3900
<Mullimeetod>
7100: 3583200, 3564900, 3528101, 3514700, 3506901, 3478800, 3467100, 3467200, 3472900, 3470500
<Kiirmeetod>
7100: 5095400, 5147399, 5187700, 5179200, 5316800, 5232700, 5175101, 5181200, 5254400, 5211900
<java.util.Arrays.sort>
7100: 4101, 3901, 3999, 4100, 3900, 4101, 4199, 4300, 4000, 4001
<Mullimeetod>
7200: 3646600, 3631200, 3614200, 3591800, 3572400, 3570299, 3560900, 3574401, 3568000, 3568101
<Kiirmeetod>
7200: 5270800, 5271499, 5294900, 5338400, 5363700, 5353000, 5382900, 5354000, 5532401, 5511601
<java.util.Arrays.sort>
7200: 5000, 6001, 4101, 8600, 3801, 4399, 4199, 4300, 5000, 7799
<Mullimeetod>
7300: 3938401, 3884800, 3838400, 3780501, 3742900, 3705701, 3687701, 3670600, 3663799, 3650500
<Kiirmeetod>
7300: 5376900, 5444100, 5486200, 5468101, 5623399, 5512400, 5468200, 5465601, 5486199, 5478399
<java.util.Arrays.sort>
7300: 4600, 3900, 4201, 4099, 4300, 3900, 4001, 5000, 3899, 3700
<Mullimeetod>
7400: 3856101, 3830200, 3817701, 3795801, 3795401, 3852300, 3848699, 3861900, 3924800, 3915299
<Kiirmeetod>
7400: 5762100, 5902300, 5921001, 5966301, 6011300, 6063800, 6105800, 6182799, 6321499, 6378600
<java.util.Arrays.sort>
7400: 7899, 7599, 4999, 4700, 4601, 4801, 4800, 4799, 7199, 5399
<Mullimeetod>
7500: 4419900, 4458900, 4534700, 4540400, 4499001, 4488900, 4459501, 4479400, 4514600, 4589500
<Kiirmeetod>
7500: 6768400, 6776700, 6719601, 6718699, 6746400, 6691199, 6760901, 6843400, 6689700, 6532900
<java.util.Arrays.sort>
7500: 5900, 4900, 4701, 4500, 4299, 8099, 4300, 4700, 4801, 4599
<Mullimeetod>
7600: 4462100, 4352701, 4318600, 4307799, 4305301, 4299901, 4374700, 4369900, 4384799, 4425899
<Kiirmeetod>
7600: 6561900, 6600599, 6765300, 6736899, 6802900, 6824901, 6959999, 6964200, 7075700, 7014601
<java.util.Arrays.sort>
7600: 9201, 5200, 5001, 5300, 5399, 7600, 8201, 5401, 5000, 4999
<Mullimeetod>
7700: 4873500, 4874100, 4814000, 4778001, 4735001, 4716999, 4706800, 4690601, 4777299, 4718099
<Kiirmeetod>
7700: 7151999, 7094000, 7272200, 7165599, 7247999, 7093300, 7076399, 7137400, 7347200, 7074200
<java.util.Arrays.sort>
7700: 20799, 7899, 6399, 5200, 5300, 5201, 5701, 6900, 5199, 5200
<Mullimeetod>
7800: 4959999, 4892300, 4823999, 4793700, 4803999, 4784299, 5043700, 4805200, 4768500, 4788000
<Kiirmeetod>
7800: 7048900, 7101500, 7312800, 7301099, 7600899, 7711701, 7741000, 7717100, 7676300, 7633899
<java.util.Arrays.sort>
7800: 38701, 12999, 12000, 14800, 14800, 17400, 12800, 12600, 11800, 11901
<Mullimeetod>
7900: 5303599, 5203001, 5191499, 5185599, 4987099, 4913699, 4780399, 4682999, 4596199, 4521100
<Kiirmeetod>
7900: 6604900, 6723800, 6749701, 6780600, 6512600, 6531501, 6656499, 6678100, 6703901, 6711400
<java.util.Arrays.sort>
7900: 16501, 11900, 10500, 13900, 11399, 11400, 13700, 11501, 11501, 10799
<Mullimeetod>
8000: 4701701, 4648000, 4635400, 4587901, 4542100, 4521901, 4477200, 4458800, 4456900, 4426900
<Kiirmeetod>
8000: 6552199, 6633900, 6644901, 6691600, 6676000, 6693100, 6674101, 6661801, 6942300, 6701499
<java.util.Arrays.sort>
8000: 13599, 14000, 24900, 18000, 12300, 11300, 12300, 12800, 12199, 11500
<Mullimeetod>
8100: 4726000, 4637301, 4587699, 4582199, 4563999, 4569300, 4653600, 4728700, 4760901, 4792100
<Kiirmeetod>
8100: 7144900, 7251001, 7226601, 6973500, 6949900, 6925700, 6990299, 8155399, 7257101, 7173300
<java.util.Arrays.sort>
8100: 12700, 12000, 16799, 12000, 11600, 12100, 11801, 12999, 11500, 10600
<Mullimeetod>
8200: 4859599, 4793199, 4770600, 4772200, 4790900, 4765900, 4739300, 4740600, 4779600, 4762201
<Kiirmeetod>
8200: 7128399, 7204100, 7182399, 7256400, 7255300, 7275201, 7060700, 7045600, 7069801, 7095201
<java.util.Arrays.sort>
8200: 13600, 12301, 11699, 21600, 12099, 11900, 11800, 13600, 12901, 11499
<Mullimeetod>
8300: 5017799, 5026100, 4993201, 4986900, 4959099, 5004300, 5010200, 5037999, 5167900, 5338600
<Kiirmeetod>
8300: 8066599, 8120900, 8001500, 8025400, 8066200, 8061001, 8029000, 8064901, 7977800, 8034300
<java.util.Arrays.sort>
8300: 15900, 14200, 18100, 12800, 13700, 12801, 12799, 14900, 12601, 12199
<Mullimeetod>
8400: 5593700, 5567600, 5596301, 5488800, 5341800, 5221501, 5114901, 5034501, 4980600, 4930901
<Kiirmeetod>
8400: 7413600, 7509201, 7486900, 7600901, 7476500, 7459500, 7371799, 7493100, 7364601, 7479300
<java.util.Arrays.sort>
8400: 12400, 14000, 21900, 11799, 17800, 11600, 14000, 11901, 11699, 11499
<Mullimeetod>
8500: 5256201, 5160000, 5110101, 5047599, 5006500, 5004200, 4994501, 4998299, 5010900, 5033000
<Kiirmeetod>
8500: 7419001, 7509100, 7573900, 7586200, 7608301, 7607100, 7828999, 7681699, 7649100, 7651700
<java.util.Arrays.sort>
8500: 13100, 12600, 11600, 11601, 12499, 13600, 11700, 11601, 12700, 11999
<Mullimeetod>
8600: 5260400, 5194400, 5166500, 5149701, 5127300, 5125000, 5125999, 5121800, 5116401, 5100901
<Kiirmeetod>
8600: 7610700, 7736600, 7831000, 7712100, 7747299, 7888500, 7830000, 7801899, 7678700, 7810600
<java.util.Arrays.sort>
8600: 20999, 12100, 12700, 11801, 16401, 11800, 11500, 12501, 11499, 12900
<Mullimeetod>
8700: 5351300, 5300499, 5310300, 5272000, 5252200, 5257900, 5407001, 5434701, 5400401, 5371799
<Kiirmeetod>
8700: 7867500, 8050799, 8259200, 8413000, 8467800, 8434799, 8312201, 8260500, 8166400, 8274101
<java.util.Arrays.sort>
8700: 13500, 13200, 13400, 16300, 14500, 13500, 12200, 13800, 12000, 13900
<Mullimeetod>
8800: 5742100, 5692199, 5740300, 5769400, 5757301, 5731499, 5690200, 5645100, 5633599, 5582200
<Kiirmeetod>
8800: 8203400, 8258899, 8244699, 8123400, 8189099, 8084900, 8138000, 8089100, 8093100, 8142101
<java.util.Arrays.sort>
8800: 16401, 14900, 14700, 14700, 19499, 12000, 11501, 13399, 13500, 11700
<Mullimeetod>
8900: 5611700, 5584200, 5535100, 5506200, 5517400, 5494400, 5490800, 5487500, 5516701, 5593899
<Kiirmeetod>
8900: 8376100, 9142200, 9159200, 9024100, 8917200, 8865400, 8632500, 8598200, 8448100, 8366999
<java.util.Arrays.sort>
8900: 13300, 12700, 12700, 13300, 12200, 14000, 13499, 11900, 13500, 12901
<Mullimeetod>
9000: 5777601, 5718900, 5682300, 5662501, 5665000, 5626200, 5637500, 5629199, 5611300, 5648100
<Kiirmeetod>
9000: 8766700, 8765800, 8629900, 8619299, 8960900, 9112200, 9343999, 9444500, 9462400, 9388200
<java.util.Arrays.sort>
9000: 20199, 12900, 14100, 18400, 13800, 14900, 15700, 13399, 13500, 13500
<Mullimeetod>
9100: 6509000, 6515400, 6451100, 6353900, 6338601, 6302500, 6320601, 6186901, 6079799, 6012100
<Kiirmeetod>
9100: 9013900, 8709100, 8779899, 8725000, 8677800, 8708901, 8940199, 9162600, 9237900, 9120701
<java.util.Arrays.sort>
9100: 17500, 19100, 13499, 15300, 13101, 12799, 13000, 12900, 12901, 14800
<Mullimeetod>
9200: 6229599, 6134000, 6036501, 5962400, 5983999, 5924899, 5900400, 5914700, 5879500, 5872300
<Kiirmeetod>
9200: 8685600, 8732601, 8843800, 8822700, 8825500, 8884901, 8886399, 8973200, 8977300, 8952800
<java.util.Arrays.sort>
9200: 17100, 14400, 12800, 14001, 12799, 13400, 12900, 16900, 12600, 15300
<Mullimeetod>
9300: 6224200, 6142999, 6113900, 6116700, 6155499, 6167199, 6117300, 6090201, 6176301, 6302300
<Kiirmeetod>
9300: 9283099, 9420900, 9393100, 9274400, 9106599, 9114900, 9091399, 9138900, 9038700, 9030999
<java.util.Arrays.sort>
9300: 14000, 13400, 16601, 12800, 17499, 15200, 17100, 18500, 12901, 12499
<Mullimeetod>
9400: 6247600, 6198101, 6459400, 6423400, 6325901, 6263600, 6202599, 6168699, 6126000, 6130000
<Kiirmeetod>
9400: 9111500, 9234800, 9297300, 9401800, 9441100, 9501201, 9406700, 9428501, 9297200, 9241401
<java.util.Arrays.sort>
9400: 14400, 22199, 14800, 15500, 13600, 12800, 14900, 18101, 14800, 21901
<Mullimeetod>
9500: 6388000, 6323000, 6278000, 6268400, 6259100, 6266699, 6261799, 6289699, 6273700, 6281999
<Kiirmeetod>
9500: 9307301, 9417100, 9505000, 9437201, 9480799, 9470099, 9435300, 9398801, 9372400, 9434599
<java.util.Arrays.sort>
9500: 15400, 13500, 23901, 16901, 19200, 14000, 13400, 22501, 13700, 14800
<Mullimeetod>
9600: 6617100, 7815900, 6729999, 6585200, 6491900, 6482400, 6417800, 6392500, 6412700, 6388900
<Kiirmeetod>
9600: 9455000, 9830600, 9932000, 9910800, 9786800, 9734000, 9683701, 9598600, 9660599, 9681400
<java.util.Arrays.sort>
9600: 13900, 12900, 14900, 13401, 13900, 13000, 13000, 14500, 15500, 22101
<Mullimeetod>
9700: 6680900, 6803400, 7074300, 7245500, 7434700, 7604000, 7575201, 7716501, 7772699, 7781500
<Kiirmeetod>
9700: 11315200, 10972500, 10885700, 11035500, 10812701, 10813300, 10780200, 10693700, 10449800, 10401700
<java.util.Arrays.sort>
9700: 14700, 14500, 25301, 20100, 16100, 14300, 14400, 15600, 13800, 14800
<Mullimeetod>
9800: 7078500, 6972299, 6859000, 6917599, 6954400, 6968201, 7279899, 7111100, 7046401, 7496300
<Kiirmeetod>
9800: 10204100, 10337800, 10211200, 10353901, 10161700, 10207301, 10228700, 10511099, 10779300, 10796000
<java.util.Arrays.sort>
9800: 19799, 14600, 15900, 14400, 17000, 14500, 13600, 13801, 14600, 16100
<Mullimeetod>
9900: 7436801, 7248599, 7065500, 8948700, 6957100, 6916400, 6862200, 6859400, 6833600, 6794900
<Kiirmeetod>
9900: 10124101, 10391400, 10400601, 10451000, 10503500, 10401301, 10303700, 10275800, 10300599, 10283800
<java.util.Arrays.sort>
9900: 7299, 5400, 6100, 5601, 5400, 5599, 10699, 6899, 5900, 6400
<Mullimeetod>
10000: 8143499, 7816300, 7199901, 7176000, 7102100, 7039901, 7087699, 7096800, 7150199, 7098600
<Kiirmeetod>
10000: 10532600, 10440200, 10473200, 10571400, 11269400, 11497400, 11058801, 11089199, 10995400, 10787899
<java.util.Arrays.sort>
10000: 15600, 5500, 5999, 5400, 5701, 5500, 5499, 6300, 5900, 6401
