[Erijuht 3. Sorteeritud kahenevalt
[Sisendi suurus (n)	Aeg (ns)]
<Mullimeetod>
0: 38700, 5800, 4799, 200, 0, 100, 0, 100, 100, 0
<Kiirmeetod>
0: 100, 100, 0, 100, 100, 100, 0, 0, 0, 0
<java.util.Arrays.sort>
0: 7800, 300, 100, 100, 100, 100, 100, 100, 100, 200
<Mullimeetod>
100: 214500, 174800, 182501, 26801, 19701, 19200, 19799, 19800, 19200, 28200
<Kiirmeetod>
100: 178899, 131000, 123801, 65500, 22200, 20300, 15600, 23401, 16799, 16100
<java.util.Arrays.sort>
100: 29800, 9399, 6901, 3200, 9400, 3000, 2899, 2901, 2900, 2900
<Mullimeetod>
200: 92100, 76100, 78600, 75801, 74501, 74600, 74500, 188699, 88701, 99601
<Kiirmeetod>
200: 62900, 61400, 62199, 61400, 61900, 61400, 62100, 69300, 61700, 61900
<java.util.Arrays.sort>
200: 14200, 5301, 5799, 5700, 2700, 5500, 5500, 3600, 5501, 5599
<Mullimeetod>
300: 122900, 115500, 115700, 119300, 123400, 119400, 116200, 114500, 114100, 115400
<Kiirmeetod>
300: 64800, 30400, 35401, 33999, 28800, 27700, 40501, 27599, 28200, 28800
<java.util.Arrays.sort>
300: 8799, 1500, 999, 1200, 1000, 1100, 1000, 1000, 1100, 1701
<Mullimeetod>
400: 154100, 148801, 148899, 160799, 177199, 249600, 264300, 280901, 195400, 151199
<Kiirmeetod>
400: 45400, 49700, 49800, 49299, 49400, 48801, 49000, 49000, 50300, 48800
<java.util.Arrays.sort>
400: 1700, 1400, 1400, 1400, 6399, 1400, 1500, 1400, 1500, 1400
<Mullimeetod>
500: 215200, 201199, 200300, 200000, 203900, 207400, 197200, 197200, 197800, 209600
<Kiirmeetod>
500: 78400, 76200, 77100, 76100, 76000, 76700, 76100, 76200, 76600, 76300
<java.util.Arrays.sort>
500: 1800, 1800, 2500, 1800, 1800, 1700, 1800, 1801, 1700, 1801
<Mullimeetod>
600: 131100, 116100, 112400, 112401, 112099, 112100, 112100, 112101, 133500, 112100
<Kiirmeetod>
600: 110900, 111100, 114899, 110300, 109701, 109900, 136400, 110300, 111301, 109800
<java.util.Arrays.sort>
600: 2299, 2100, 2100, 3300, 2101, 2100, 2100, 2200, 2100, 2199
<Mullimeetod>
700: 151900, 151400, 166100, 151500, 152500, 151500, 151400, 151600, 157600, 153600
<Kiirmeetod>
700: 150700, 150800, 149701, 149900, 151100, 167000, 149501, 152000, 150000, 150500
<java.util.Arrays.sort>
700: 2900, 3400, 2499, 2400, 2401, 2600, 2400, 2400, 2300, 12400
<Mullimeetod>
800: 215200, 198100, 198800, 198000, 198000, 215399, 200000, 199400, 199500, 199100
<Kiirmeetod>
800: 200400, 182301, 181600, 162000, 162300, 187500, 161899, 161699, 160599, 162299
<java.util.Arrays.sort>
800: 3001, 2800, 2801, 2899, 2700, 2799, 4600, 3000, 3199, 2800
<Mullimeetod>
900: 268000, 251200, 251800, 251901, 261700, 251799, 251200, 264000, 251000, 251401
<Kiirmeetod>
900: 204500, 204200, 216301, 205300, 207499, 203300, 219900, 205301, 202401, 202800
<java.util.Arrays.sort>
900: 3299, 3200, 3201, 15600, 3100, 3399, 3300, 3201, 3100, 3900
<Mullimeetod>
1000: 322300, 307299, 308000, 335501, 305900, 305600, 324700, 307100, 307299, 322900
<Kiirmeetod>
1000: 248600, 250700, 252701, 272201, 249900, 251801, 254501, 272701, 254199, 257600
<java.util.Arrays.sort>
1000: 3900, 3600, 3499, 3400, 53500, 3500, 3599, 3500, 3500, 3499
<Mullimeetod>
1100: 376600, 397400, 392000, 386101, 379600, 379199, 378600, 393300, 378300, 378401
<Kiirmeetod>
1100: 327100, 303400, 303700, 328900, 305400, 306400, 321300, 306200, 307200, 315400
<java.util.Arrays.sort>
1100: 35100, 3900, 3901, 3799, 3800, 34301, 3899, 3800, 4001, 3799
<Mullimeetod>
1200: 452901, 469101, 451899, 465100, 451800, 482600, 452399, 465600, 450900, 462300
<Kiirmeetod>
1200: 360700, 357399, 386200, 363899, 359199, 375499, 356600, 379599, 357699, 356300
<java.util.Arrays.sort>
1200: 8800, 4199, 1200, 999, 1000, 1100, 1000, 1000, 1100, 1100
<Mullimeetod>
1300: 535100, 515999, 538500, 527000, 511800, 562600, 510699, 524300, 517199, 533500
<Kiirmeetod>
1300: 408000, 425500, 412900, 410900, 430800, 405999, 419300, 405500, 441799, 403399
<java.util.Arrays.sort>
1300: 1301, 1100, 1200, 1100, 1000, 1100, 1099, 1000, 1100, 1000
<Mullimeetod>
1400: 593000, 578100, 597400, 573499, 587900, 590799, 574399, 586200, 571500, 581200
<Kiirmeetod>
1400: 458000, 473200, 461199, 472400, 456500, 476600, 456900, 501000, 454501, 478600
<java.util.Arrays.sort>
1400: 8800, 1100, 1200, 1100, 1201, 1000, 1200, 1100, 1199, 1200
<Mullimeetod>
1500: 672100, 645901, 659899, 666899, 643900, 669201, 662500, 642200, 655000, 673000
<Kiirmeetod>
1500: 520500, 532800, 516501, 534399, 513800, 530300, 515900, 538399, 513800, 529300
<java.util.Arrays.sort>
1500: 1500, 1300, 1200, 1200, 1201, 1100, 1200, 1100, 1299, 1200
<Mullimeetod>
1600: 749300, 724501, 734400, 780200, 745899, 738700, 725600, 737200, 775699, 735400
<Kiirmeetod>
1600: 580900, 589001, 582601, 595900, 588901, 600300, 596700, 583200, 610700, 593300
<java.util.Arrays.sort>
1600: 1500, 1301, 1300, 1200, 1400, 1500, 1200, 1299, 1300, 1200
<Mullimeetod>
1700: 816201, 837600, 824800, 833399, 830100, 869500, 813899, 831799, 834999, 838100
<Kiirmeetod>
1700: 679999, 653600, 681800, 674200, 655900, 677200, 678900, 656500, 676899, 661900
<java.util.Arrays.sort>
1700: 1700, 1200, 1300, 1401, 1300, 1300, 1300, 1300, 1400, 1299
<Mullimeetod>
1800: 927999, 932300, 922100, 919100, 920700, 909300, 926000, 928300, 943101, 928101
<Kiirmeetod>
1800: 765299, 759800, 762300, 744601, 761899, 760200, 759200, 749799, 758200, 1032899
<java.util.Arrays.sort>
1800: 2100, 1799, 1800, 1701, 6900, 1800, 1800, 1699, 1800, 1801
<Mullimeetod>
1900: 1694700, 1374801, 1077700, 1055700, 1080601, 1123100, 1102200, 1097199, 1084900, 1077001
<Kiirmeetod>
1900: 953501, 960300, 946399, 869800, 854600, 866699, 853700, 856400, 853300, 876499
<java.util.Arrays.sort>
1900: 2100, 1500, 1500, 1600, 1500, 1500, 1500, 1600, 1500, 1600
<Mullimeetod>
2000: 1170400, 1165700, 1161100, 1162300, 1168000, 1153200, 1151900, 1148201, 1184100, 1150599
<Kiirmeetod>
2000: 907800, 925700, 920800, 932900, 918100, 928500, 924199, 920800, 922200, 921200
<java.util.Arrays.sort>
2000: 1800, 1601, 1500, 1600, 1700, 1600, 1700, 1500, 1400, 1500
<Mullimeetod>
2100: 1253500, 1248401, 1263501, 1248000, 1254200, 1242400, 1264100, 1245501, 1247100, 1254500
<Kiirmeetod>
2100: 1008300, 1022400, 1008500, 1009300, 1006900, 1001101, 1003101, 1020701, 1021700, 1016200
<java.util.Arrays.sort>
2100: 1800, 1999, 1600, 1699, 1700, 1799, 1600, 1600, 1700, 1700
<Mullimeetod>
2200: 1384400, 1386599, 1369000, 1374900, 1379501, 1389000, 1370799, 1373500, 1383600, 1366200
<Kiirmeetod>
2200: 1112599, 1112400, 1134999, 1145800, 1119200, 1125101, 1120400, 1116000, 1125999, 1141900
<java.util.Arrays.sort>
2200: 2000, 1600, 2000, 1800, 1800, 1600, 2000, 1700, 1500, 1700
<Mullimeetod>
2300: 1513300, 1740899, 1582599, 1508300, 1548201, 1498000, 1509900, 1500799, 1506499, 1502900
<Kiirmeetod>
2300: 1204601, 1225000, 1309401, 1221799, 1218400, 1230700, 1215101, 1220401, 1217000, 1232099
<java.util.Arrays.sort>
2300: 2401, 1800, 1900, 1700, 1700, 1900, 1800, 1800, 1901, 1700
<Mullimeetod>
2400: 1652900, 1661401, 1673700, 1634800, 1647501, 1659000, 1639100, 1694099, 1654799, 1631000
<Kiirmeetod>
2400: 1344500, 1325300, 1313399, 1481700, 1470001, 1496600, 1469400, 1485299, 1499300, 1502900
<java.util.Arrays.sort>
2400: 4501, 1900, 2501, 1900, 1900, 1800, 2000, 1800, 1900, 2000
<Mullimeetod>
2500: 1782299, 1782900, 1767600, 1853299, 3075500, 1795500, 2211899, 2837300, 1834700, 1853200
<Kiirmeetod>
2500: 1540501, 1515900, 1497799, 1542400, 1514200, 1551300, 1549201, 1558600, 1522199, 1542700
<java.util.Arrays.sort>
2500: 3499, 2100, 2100, 2200, 2101, 2300, 2200, 2600, 2100, 2299
<Mullimeetod>
2600: 2061200, 2052800, 2069500, 2064900, 2906700, 3648800, 2930300, 2853800, 3622000, 2155500
<Kiirmeetod>
2600: 2530501, 2594700, 2513600, 2312099, 2302001, 1728800, 1695900, 1680199, 1715200, 1701800
<java.util.Arrays.sort>
2600: 3101, 2300, 2100, 1999, 2600, 2099, 2200, 2101, 2200, 2101
<Mullimeetod>
2700: 2270600, 2244999, 2256600, 2230700, 2223301, 2235100, 2210200, 2222399, 2222300, 2208700
<Kiirmeetod>
2700: 1815200, 1805900, 1811100, 1817299, 2023900, 1830500, 1850100, 1851100, 1846700, 1817300
<java.util.Arrays.sort>
2700: 3100, 2299, 2300, 2200, 2400, 2301, 2300, 2400, 2601, 2500
<Mullimeetod>
2800: 2434700, 2388201, 2373299, 2365900, 2372601, 2390699, 2390200, 2367100, 2365500, 2371599
<Kiirmeetod>
2800: 1905401, 1894900, 1896800, 1895300, 1912000, 1885101, 1880600, 1889600, 1896100, 1879100
<java.util.Arrays.sort>
2800: 2600, 2300, 2299, 2200, 2500, 2400, 2301, 2200, 2201, 2500
<Mullimeetod>
2900: 2495401, 2505100, 2486900, 2463000, 2446400, 2428300, 2416500, 2428400, 2411100, 2410000
<Kiirmeetod>
2900: 1933599, 1929200, 1937601, 1915200, 1929699, 1922600, 1915699, 1904999, 1905099, 1916700
<java.util.Arrays.sort>
2900: 2499, 2300, 2599, 2200, 2300, 2300, 2201, 2100, 2301, 2200
<Mullimeetod>
3000: 2524600, 2525501, 2516400, 2506200, 2506200, 2495200, 2491100, 2498700, 2498601, 2496199
<Kiirmeetod>
3000: 2012901, 2019801, 2027600, 2029700, 2027800, 2037299, 2024699, 2041300, 2035300, 2031600
<java.util.Arrays.sort>
3000: 2500, 2600, 2300, 2300, 2399, 2400, 2399, 2600, 2399, 2400
<Mullimeetod>
3100: 2691500, 2695000, 2677600, 2679301, 2674700, 2674900, 2677700, 2674901, 2676400, 2695399
<Kiirmeetod>
3100: 2180901, 2184401, 2180200, 2195300, 2201400, 2214800, 2214501, 2207300, 2215499, 2236700
<java.util.Arrays.sort>
3100: 2499, 2400, 2501, 2700, 2500, 2499, 2400, 2399, 2500, 3801
<Mullimeetod>
3200: 2931500, 2923899, 2926800, 2925900, 2907300, 2897900, 2884000, 2887100, 2898700, 2887900
<Kiirmeetod>
3200: 2328399, 2330700, 2363700, 2349799, 2353400, 2356500, 2349599, 2340100, 2357800, 2368800
<java.util.Arrays.sort>
3200: 3100, 2701, 2700, 2400, 2400, 2500, 2499, 2800, 2499, 2700
<Mullimeetod>
3300: 3092399, 3106900, 3111001, 3113101, 3121501, 3101000, 3100500, 3068901, 3155501, 3047400
<Kiirmeetod>
3300: 2742700, 2463800, 2476800, 2454700, 2452799, 2460600, 2464399, 3888800, 2443299, 2463700
<java.util.Arrays.sort>
3300: 3700, 3100, 2599, 2600, 2599, 8199, 2600, 2499, 2600, 2600
<Mullimeetod>
3400: 3217799, 3213900, 3219601, 3206701, 3227900, 3233700, 3234900, 3217900, 3213900, 3204200
<Kiirmeetod>
3400: 2585200, 2620700, 2606199, 2599500, 2613100, 2619100, 2606200, 2619601, 2621400, 2626600
<java.util.Arrays.sort>
3400: 2900, 2801, 2700, 2600, 2499, 2900, 2499, 2700, 2600, 3000
<Mullimeetod>
3500: 3418000, 3409300, 3415901, 3405200, 3404901, 3384001, 3384500, 3393300, 3384601, 3384299
<Kiirmeetod>
3500: 3047301, 2762900, 2814499, 2844500, 2824700, 2812000, 2820800, 2822599, 2816400, 2825501
<java.util.Arrays.sort>
3500: 3299, 2700, 2801, 2600, 2801, 2700, 2900, 2799, 2600, 2900
<Mullimeetod>
3600: 3742400, 3793101, 3848600, 3801400, 3764499, 3755499, 3719700, 3697600, 3692799, 3706700
<Kiirmeetod>
3600: 3003800, 2985499, 2956500, 2966500, 2972399, 2965900, 2961201, 2960101, 2963400, 2991201
<java.util.Arrays.sort>
3600: 3700, 2900, 2799, 2500, 2800, 2900, 3001, 2800, 2800, 3099
<Mullimeetod>
3700: 3863899, 3851700, 3841499, 3848299, 3867300, 3854899, 3849801, 3876500, 3929400, 3907000
<Kiirmeetod>
3700: 3144699, 3147100, 3137699, 3113999, 3102400, 3127100, 3134600, 3128200, 3140700, 3146201
<java.util.Arrays.sort>
3700: 3499, 2900, 2801, 3000, 3100, 2799, 2900, 3000, 2900, 2901
<Mullimeetod>
3800: 4104001, 4156600, 4165000, 4189000, 4196900, 4234700, 4270699, 4298800, 4303599, 4277000
<Kiirmeetod>
3800: 3430500, 5794500, 3482500, 3487700, 3517200, 3547200, 3497699, 3432799, 3399700, 3384900
<java.util.Arrays.sort>
3800: 3599, 3100, 3100, 3100, 2901, 3000, 20500, 3001, 2800, 3000
<Mullimeetod>
3900: 4376599, 4325200, 4287600, 4269500, 4256900, 4243101, 4226801, 4219200, 4228500, 4222900
<Kiirmeetod>
3900: 3434699, 3432999, 3474200, 3516600, 3518300, 3509801, 5836601, 3527299, 3605400, 3638300
<java.util.Arrays.sort>
3900: 3899, 3100, 3201, 3200, 3200, 3099, 3300, 3201, 3200, 3300
<Mullimeetod>
4000: 4731100, 4718601, 4713301, 4687300, 4744600, 4639301, 4574199, 4539800, 4507400, 4478501
<Kiirmeetod>
4000: 3632701, 3600101, 3610099, 3619000, 3618000, 3604900, 3618500, 3612301, 3605900, 3606101
<java.util.Arrays.sort>
4000: 8600, 3199, 3300, 3201, 3100, 3000, 3199, 3100, 3299, 3200
<Mullimeetod>
4100: 4668701, 4662199, 4665600, 4647100, 4633800, 4637400, 4641700, 4637600, 4640400, 4642300
<Kiirmeetod>
4100: 3770301, 3783601, 3777700, 3778600, 3805700, 3823100, 3804201, 3850899, 3834200, 3818100
<java.util.Arrays.sort>
4100: 3700, 3501, 3400, 3200, 3299, 3100, 3901, 5799, 3200, 4401
<Mullimeetod>
4200: 4946900, 4949800, 5002100, 5089100, 5155500, 5141801, 5163401, 5208300, 5305700, 5302000
<Kiirmeetod>
4200: 4318300, 4632300, 4407500, 4476701, 4491499, 4925000, 4571500, 4623700, 4679500, 4633400
<java.util.Arrays.sort>
4200: 5000, 3901, 3499, 3800, 3701, 3799, 15500, 4101, 3900, 4000
<Mullimeetod>
4300: 5999900, 5879099, 5817400, 5813699, 5791100, 5776700, 5722601, 5624401, 5544200, 5542400
<Kiirmeetod>
4300: 4677400, 4456300, 4481300, 4462299, 4460300, 4430000, 4408501, 4418900, 4368299, 4381599
<java.util.Arrays.sort>
4300: 4701, 3699, 3600, 3301, 3899, 3700, 3501, 3500, 3600, 3499
<Mullimeetod>
4400: 5615100, 5543600, 5491199, 5449500, 5402800, 5382800, 5378200, 5352000, 5343901, 5345301
<Kiirmeetod>
4400: 4312700, 4332801, 4375599, 4368300, 4352500, 4411099, 4390700, 4382500, 4363800, 4398200
<java.util.Arrays.sort>
4400: 4300, 3699, 3800, 3801, 3499, 3600, 3501, 3500, 3500, 3499
<Mullimeetod>
4500: 5743700, 5803401, 5734700, 5680099, 5640900, 5638000, 5688500, 5714600, 5680400, 5651700
<Kiirmeetod>
4500: 4539600, 4573401, 4559499, 4584300, 4642600, 4645801, 4604300, 4589199, 4596301, 4555600
<java.util.Arrays.sort>
4500: 4301, 3499, 3500, 3501, 3300, 3500, 3799, 3400, 3401, 3500
<Mullimeetod>
4600: 5983599, 5963200, 5909101, 5885800, 5877000, 5934300, 6038000, 6130100, 6186799, 6249800
<Kiirmeetod>
4600: 5011399, 5582200, 5070400, 5088900, 5049600, 5003999, 4955500, 4930701, 4911801, 4880599
<java.util.Arrays.sort>
4600: 6001, 4200, 3900, 3900, 3999, 4200, 4001, 3999, 4200, 4201
<Mullimeetod>
4700: 6319701, 6253100, 6178400, 6134599, 6170699, 6336899, 6269700, 6260401, 6215501, 6191100
<Kiirmeetod>
4700: 4996800, 4958600, 5091400, 5538500, 5183800, 5201100, 5183900, 5263800, 5539299, 5312199
<java.util.Arrays.sort>
4700: 5300, 4201, 3999, 4000, 4301, 4099, 4000, 7401, 4201, 4300
<Mullimeetod>
4800: 6801299, 6787900, 6641100, 6558000, 6477801, 6448101, 6484500, 6441899, 6426600, 6394500
<Kiirmeetod>
4800: 5186400, 5182099, 5307900, 5216100, 5214300, 5199400, 5200999, 5236899, 5245700, 5231301
<java.util.Arrays.sort>
4800: 4300, 4101, 4099, 4100, 4201, 3900, 4300, 4500, 4100, 4100
<Mullimeetod>
4900: 6727700, 6699001, 6662000, 6627700, 6623200, 6628200, 6622800, 6628200, 6626499, 6628099
<Kiirmeetod>
4900: 5353100, 5392200, 5370899, 5417600, 5477800, 5498301, 5572401, 6149800, 5571599, 6066900
<java.util.Arrays.sort>
4900: 9799, 4500, 4101, 3999, 4300, 4401, 4199, 10999, 4800, 4600
<Mullimeetod>
5000: 7060300, 7048900, 7020100, 7007500, 6964601, 7143099, 6980600, 6954800, 6910600, 6897500
<Kiirmeetod>
5000: 5591600, 5626700, 5658400, 5709899, 5752600, 5816800, 6041101, 6674100, 6690700, 6712599
<java.util.Arrays.sort>
5000: 5301, 4799, 4500, 4400, 4700, 4400, 4500, 4401, 4399, 4500
<Mullimeetod>
5100: 7718801, 7754100, 8028699, 8190100, 8213200, 8272000, 8239900, 8170400, 8055100, 8116900
<Kiirmeetod>
5100: 7306700, 7300800, 7257700, 7323300, 7320100, 7269300, 7047300, 6974700, 6877901, 6724000
<java.util.Arrays.sort>
5100: 12300, 4300, 4400, 4400, 4400, 4600, 4500, 4600, 4500, 4701
<Mullimeetod>
5200: 7680200, 7575600, 7514300, 7480101, 7458000, 7462100, 7464300, 7462400, 7459300, 7448499
<Kiirmeetod>
5200: 6725601, 6742300, 6764400, 6780300, 6755600, 6788600, 6796799, 6793300, 6873899, 6913000
<java.util.Arrays.sort>
5200: 4899, 4300, 4901, 4399, 4600, 4401, 4499, 4600, 4901, 4499
<Mullimeetod>
5300: 8059100, 8032200, 7954400, 7919800, 7846099, 7853199, 7842800, 7818600, 7795500, 7798099
<Kiirmeetod>
5300: 7041001, 7182599, 7146299, 7103899, 7088100, 6994199, 7007499, 7018800, 7020800, 7009599
<java.util.Arrays.sort>
5300: 5400, 4901, 4400, 4300, 4901, 4400, 4300, 4901, 4499, 4400
<Mullimeetod>
5400: 8087201, 8051000, 8046900, 8045401, 8123399, 8169000, 8146199, 8098400, 8097100, 8083200
<Kiirmeetod>
5400: 7256700, 7302899, 7447900, 7562401, 7514800, 7451900, 7397700, 7371100, 7388700, 7324100
<java.util.Arrays.sort>
5400: 5600, 4401, 4699, 4500, 4501, 4599, 4600, 4401, 4999, 4500
<Mullimeetod>
5500: 8529400, 8472700, 8521801, 8499600, 8563400, 8496800, 8418600, 8377300, 8451200, 8446299
<Kiirmeetod>
5500: 6808601, 6806299, 6830400, 6850900, 6827300, 6905799, 7084500, 7095100, 7187100, 7188200
<java.util.Arrays.sort>
5500: 5699, 5100, 5200, 11700, 4901, 5199, 4700, 4700, 4800, 5199
<Mullimeetod>
5600: 9158600, 9045500, 8926900, 8757300, 8689400, 8652500, 8653400, 8651400, 8658799, 8709799
<Kiirmeetod>
5600: 7108900, 7184600, 7118500, 7099200, 7155600, 7195700, 7133699, 7099800, 7093300, 7103800
<java.util.Arrays.sort>
5600: 5300, 4501, 4399, 4900, 4501, 4599, 4600, 4801, 4199, 4200
<Mullimeetod>
5700: 9110200, 9054500, 9004401, 9015899, 9012799, 8986499, 8983999, 8997699, 9011700, 8996500
<Kiirmeetod>
5700: 7251399, 7948400, 7471800, 7685401, 7834700, 8077201, 8047101, 8155801, 8119501, 8093199
<java.util.Arrays.sort>
5700: 6099, 5000, 11601, 5600, 5401, 5500, 5999, 5600, 5200, 5201
<Mullimeetod>
5800: 10444999, 10354799, 10330601, 10310499, 10262900, 9875700, 9684400, 9609800, 9485299, 9456599
<Kiirmeetod>
5800: 7637801, 7612300, 7628500, 7624400, 7636601, 7643401, 7618100, 7650501, 7662101, 7666499
<java.util.Arrays.sort>
5800: 5800, 4601, 4599, 4700, 4701, 8100, 9400, 4800, 5600, 17400
<Mullimeetod>
5900: 10075300, 10435200, 10630599, 10708700, 10786801, 11034701, 11259800, 11532699, 11464100, 11232100
<Kiirmeetod>
5900: 9176201, 10009600, 10122000, 10295000, 10213700, 10447600, 10662300, 10653901, 10642099, 10588501
<java.util.Arrays.sort>
5900: 19000, 12300, 11601, 11499, 17000, 10601, 10500, 11499, 11900, 11700
<Mullimeetod>
6000: 11998401, 11876900, 11765600, 11597500, 11750800, 11642400, 11682000, 11950600, 13900700, 12706900
<Kiirmeetod>
6000: 9963000, 9838700, 10498199, 9679400, 9689400, 9637301, 9605600, 9415700, 9103200, 8830600
<java.util.Arrays.sort>
6000: 11799, 10500, 20200, 10799, 11099, 10900, 9900, 9600, 9900, 10700
<Mullimeetod>
6100: 10935801, 10690699, 10496299, 10392099, 10361099, 10406800, 10556499, 10473300, 10431999, 10386700
<Kiirmeetod>
6100: 8530900, 8513000, 8511500, 8529100, 8473601, 8474099, 8921099, 8849900, 8710100, 8589701
<java.util.Arrays.sort>
6100: 20401, 5199, 5000, 4901, 4799, 5000, 5000, 5100, 6999, 5200
<Mullimeetod>
6200: 10940501, 10857001, 10889800, 10800400, 10756901, 10695301, 10736599, 10799300, 10769500, 10685301
<Kiirmeetod>
6200: 8874500, 9532400, 8777300, 9055100, 9395500, 9435999, 9571500, 9671599, 9545500, 9599399
<java.util.Arrays.sort>
6200: 7399, 5500, 5600, 5901, 5499, 5500, 5500, 5801, 5500, 6001
<Mullimeetod>
6300: 12532400, 12814899, 12880200, 12752600, 12204500, 11886001, 11658500, 11495500, 11276501, 11182400
<Kiirmeetod>
6300: 9101200, 9060101, 9039001, 9056999, 9030499, 9153900, 9170200, 9063600, 9048500, 9380999
<java.util.Arrays.sort>
6300: 7300, 4799, 5300, 5201, 4899, 4900, 5400, 5099, 4900, 5100
<Mullimeetod>
6400: 11497700, 11547901, 11786700, 11766701, 11638701, 11600400, 11577699, 11653400, 11933001, 12327301
<Kiirmeetod>
6400: 10054599, 9816000, 9615301, 9454300, 9350001, 9354900, 9272000, 9296200, 9280900, 9256300
<java.util.Arrays.sort>
6400: 7300, 5399, 5500, 6601, 5699, 5200, 5001, 4999, 5100, 5301
<Mullimeetod>
6500: 11796000, 11722600, 11731099, 12062600, 12028100, 11900400, 11848500, 11751601, 11683601, 11684500
<Kiirmeetod>
6500: 9500600, 9579600, 9617600, 9686600, 9557800, 9554800, 9563501, 9573001, 9746600, 9957900
<java.util.Arrays.sort>
6500: 6101, 5099, 5200, 5501, 5600, 5500, 5600, 9201, 5400, 5299
<Mullimeetod>
6600: 12561400, 12403000, 12404900, 12292400, 12214999, 12142400, 12102801, 12096201, 12104100, 12154400
<Kiirmeetod>
6600: 9963200, 10436199, 9966000, 9931900, 9914800, 9941000, 9871799, 9840299, 9879700, 9867601
<java.util.Arrays.sort>
6600: 6300, 5200, 5201, 7199, 20000, 5600, 5801, 5599, 5600, 5701
<Mullimeetod>
6700: 12531700, 12451800, 12436899, 12443300, 12484500, 12819299, 13207701, 13432900, 13800199, 13820200
<Kiirmeetod>
6700: 11101500, 11131600, 11043001, 11107900, 11226901, 11071199, 10760600, 10615300, 10402799, 10272500
<java.util.Arrays.sort>
6700: 6400, 9300, 6800, 5501, 5100, 5700, 5200, 5500, 5499, 5400
<Mullimeetod>
6800: 13071600, 13071100, 13029499, 12942900, 12884799, 12861000, 12831099, 12830100, 12860501, 12853300
<Kiirmeetod>
6800: 10346999, 10422400, 10516600, 10527000, 10656600, 10617500, 10537800, 10547500, 10562199, 10707400
<java.util.Arrays.sort>
6800: 7000, 5401, 5600, 5600, 8100, 5401, 5299, 5400, 5300, 5300
<Mullimeetod>
6900: 13710400, 13718701, 13470600, 13347601, 13308499, 13438600, 13509900, 13388000, 13515800, 13625700
<Kiirmeetod>
6900: 11053400, 10893400, 10816800, 10888000, 10878700, 11067600, 11216701, 11353299, 11274200, 11270300
<java.util.Arrays.sort>
6900: 7100, 5399, 5500, 5601, 5599, 6000, 5300, 5900, 5499, 5600
<Mullimeetod>
7000: 14074901, 14065900, 13900400, 13857901, 13789300, 13773800, 13750799, 13718100, 13687901, 13740700
<Kiirmeetod>
7000: 11541100, 11769800, 12785001, 12790500, 12821500, 12607000, 12379800, 12282401, 12219099, 12262200
<java.util.Arrays.sort>
7000: 8099, 5800, 5801, 5500, 5999, 5700, 6201, 5899, 5900, 5701
<Mullimeetod>
7100: 14122900, 14064401, 14022400, 14013300, 13975400, 13961401, 14142300, 14792400, 15272400, 15584400
<Kiirmeetod>
7100: 14089300, 14270201, 14146800, 14126700, 14307500, 14394100, 14150599, 14050100, 13777400, 13422801
<java.util.Arrays.sort>
7100: 7501, 5700, 5899, 6200, 6200, 6300, 5701, 5899, 7900, 6800
<Mullimeetod>
7200: 15002401, 14782501, 14529500, 14492800, 14445099, 14410399, 14388400, 14512099, 14728100, 14586100
<Kiirmeetod>
7200: 13284700, 13241500, 13174301, 13116800, 13296200, 13384200, 13237400, 13142299, 13014200, 13237101
<java.util.Arrays.sort>
7200: 7901, 6001, 6299, 5800, 6400, 6100, 6399, 6100, 6300, 6200
<Mullimeetod>
7300: 15297200, 15285200, 15310500, 15453600, 15692900, 15479701, 15337401, 15168100, 15325401, 15627200
<Kiirmeetod>
7300: 12501500, 12362700, 12386499, 12348600, 12349300, 12260600, 12253900, 12229600, 12260100, 12223101
<java.util.Arrays.sort>
7300: 7999, 5900, 5801, 5800, 6199, 16700, 6300, 6699, 6000, 6301
<Mullimeetod>
7400: 15748200, 17006999, 18164500, 17848699, 18054900, 17871800, 18110500, 17702600, 17101301, 17144501
<Kiirmeetod>
7400: 13909299, 14103900, 14183200, 14134800, 14146601, 14692400, 14771900, 15628901, 16496100, 16564001
<java.util.Arrays.sort>
7400: 10600, 7501, 7801, 7900, 8100, 8100, 8700, 8000, 8300, 8200
<Mullimeetod>
7500: 20301599, 19501100, 19242600, 19256400, 18385301, 17851401, 17434799, 17270301, 17274500, 17249000
<Kiirmeetod>
7500: 13617100, 14150200, 14023400, 14008800, 14103400, 14168699, 14582900, 15513400, 14309400, 16415700
<java.util.Arrays.sort>
7500: 12900, 7301, 7201, 7101, 7500, 7400, 10200, 12300, 7300, 7199
<Mullimeetod>
7600: 18075601, 17972999, 17864200, 17862700, 17963400, 17860101, 18121799, 18242499, 18056700, 17574100
<Kiirmeetod>
7600: 13742000, 13464901, 14629400, 14763301, 14513301, 14398101, 14697900, 14585800, 15076699, 14907500
<java.util.Arrays.sort>
7600: 11600, 7801, 7000, 7400, 7400, 10601, 7200, 7101, 9400, 7400
<Mullimeetod>
7700: 18600300, 19093801, 20446301, 22074900, 24477900, 23948400, 21216900, 20751300, 21333601, 21010000
<Kiirmeetod>
7700: 17595299, 18668100, 18018401, 19944299, 17723901, 17475000, 17840600, 18374399, 17920399, 18088700
<java.util.Arrays.sort>
7700: 14400, 8300, 8800, 18900, 9001, 9401, 9701, 9201, 8700, 8200
<Mullimeetod>
7800: 22138700, 20741399, 20084400, 19821000, 19726299, 19882900, 19735100, 18985600, 18603800, 18586599
<Kiirmeetod>
7800: 15245700, 17364200, 16442599, 16359900, 15781800, 15669300, 15669900, 15181300, 15050100, 15007000
<java.util.Arrays.sort>
7800: 13300, 7000, 6699, 6700, 6500, 6401, 6700, 6999, 6600, 7100
<Mullimeetod>
7900: 18956599, 19098300, 19279400, 19888400, 19191099, 19016400, 18892401, 18951900, 18986300, 19045300
<Kiirmeetod>
7900: 15438700, 15258200, 15260400, 15433600, 15314301, 15321300, 15391700, 15286199, 15281900, 15188899
<java.util.Arrays.sort>
7900: 8499, 6699, 6000, 6701, 6400, 7001, 6501, 6500, 6399, 6900
<Mullimeetod>
8000: 19693500, 19536500, 19634101, 19931601, 19744001, 19648299, 19521800, 19696699, 19926300, 21028400
<Kiirmeetod>
8000: 18782101, 20630001, 21652600, 33617500, 21869500, 21140900, 22651700, 20989200, 21084801, 20977100
<java.util.Arrays.sort>
8000: 17499, 13100, 11301, 11801, 11399, 11700, 12000, 12301, 11399, 11600
<Mullimeetod>
8100: 23863200, 22019999, 21339900, 21173000, 20886700, 20738300, 20641400, 21076801, 21229800, 21047900
<Kiirmeetod>
8100: 17414701, 17811400, 18289600, 17937101, 17486099, 17355700, 17185500, 17085899, 17031400, 16841400
<java.util.Arrays.sort>
8100: 10299, 8799, 16500, 8201, 7800, 8700, 7900, 9100, 7599, 10800
<Mullimeetod>
8200: 20606599, 19767700, 19180601, 18884501, 20012200, 21220900, 21436900, 21456000, 21684400, 23213900
<Kiirmeetod>
8200: 19257100, 19288199, 19332100, 18534500, 18026400, 17674900, 18047300, 18263900, 18434100, 18576800
<java.util.Arrays.sort>
8200: 60200, 26900, 24001, 21701, 21701, 23401, 23800, 23300, 30700, 32600
<Mullimeetod>
8300: 23868299, 23731101, 23642200, 23848599, 23471500, 23054200, 23295600, 23755000, 23086200, 22758199
<Kiirmeetod>
8300: 20816399, 21508800, 21550000, 21805700, 22098700, 28576500, 22149099, 21845500, 22240499, 22950100
<java.util.Arrays.sort>
8300: 28000, 13400, 12701, 10499, 11600, 11600, 11100, 11101, 11499, 10999
<Mullimeetod>
8400: 25429500, 26063100, 30699800, 27208400, 23375100, 27710100, 24146000, 24799600, 25053699, 24134801
<Kiirmeetod>
8400: 20072100, 21909400, 22181000, 22677200, 22199500, 22322600, 22106400, 22239900, 22375400, 22001900
<java.util.Arrays.sort>
8400: 16000, 8999, 9100, 8800, 8500, 9200, 8700, 9000, 8700, 8500
<Mullimeetod>
8500: 25403799, 25705100, 25706000, 24983399, 23935000, 25257499, 24996700, 25326600, 25445899, 25968001
<Kiirmeetod>
8500: 21233100, 21418199, 23032399, 22534400, 22654800, 22770400, 22595700, 22458800, 22918100, 23092299
<java.util.Arrays.sort>
8500: 18400, 12099, 11700, 12500, 14100, 11600, 11300, 37400, 12200, 11801
<Mullimeetod>
8600: 26981199, 26407900, 25189200, 23843601, 22980201, 22494599, 22711300, 22958900, 22870200, 22821000
<Kiirmeetod>
8600: 18459100, 18803500, 18804700, 18893699, 18853499, 18900999, 18990500, 20446700, 19066000, 20111700
<java.util.Arrays.sort>
8600: 20100, 18101, 19599, 21400, 19700, 19001, 20999, 20100, 18601, 20299
<Mullimeetod>
8700: 24560799, 24704700, 24287599, 23773500, 23481000, 24984999, 25280399, 24947200, 24814900, 24937500
<Kiirmeetod>
8700: 20539499, 21394301, 20079801, 19448600, 19651900, 18583999, 17756400, 17431200, 17231700, 17271701
<java.util.Arrays.sort>
8700: 21700, 18000, 19100, 16500, 19800, 21301, 18199, 19100, 18101, 19500
<Mullimeetod>
8800: 21954400, 22359899, 22414100, 22495000, 22009200, 21856600, 21950100, 22065901, 21869500, 21943599
<Kiirmeetod>
8800: 18464999, 19432100, 18404199, 19624599, 17822800, 17836399, 17683400, 17626600, 17758501, 17538101
<java.util.Arrays.sort>
8800: 21300, 19901, 17000, 19301, 18799, 17700, 17399, 19800, 18801, 19000
<Mullimeetod>
8900: 22064000, 21940800, 21973800, 21948901, 24849401, 24419799, 22259300, 22321700, 22133900, 21945700
<Kiirmeetod>
8900: 17826700, 17840600, 18110800, 19077101, 21274300, 22382400, 21905301, 21484300, 21783201, 21028900
<java.util.Arrays.sort>
8900: 23799, 17900, 14600, 15700, 25800, 15100, 15500, 18300, 27801, 16100
<Mullimeetod>
9000: 23342299, 23816600, 23233200, 22958900, 23071701, 22897601, 22550800, 22484300, 22541700, 22877301
<Kiirmeetod>
9000: 20259700, 20464099, 20430500, 20229800, 20502600, 20497201, 20513700, 20602700, 21185300, 20674700
<java.util.Arrays.sort>
9000: 17900, 15800, 14800, 13701, 14699, 14500, 14300, 13700, 14500, 14500
<Mullimeetod>
9100: 23600300, 23625799, 23331100, 23125301, 23157501, 23084800, 23179100, 23127600, 23072100, 23114900
<Kiirmeetod>
9100: 21609499, 22129599, 21371700, 21259000, 21029600, 20930500, 20837200, 20838000, 21558400, 22136000
<java.util.Arrays.sort>
9100: 18200, 15200, 15500, 15500, 25999, 30600, 17699, 16200, 16100, 17200
<Mullimeetod>
9200: 25818701, 25660400, 25908700, 25515000, 24123600, 23516199, 23440700, 23480301, 23677599, 24422000
<Kiirmeetod>
9200: 19424799, 19355600, 19406201, 19231200, 19299401, 19491500, 19442099, 19301999, 19370100, 19249499
<java.util.Arrays.sort>
9200: 29300, 18600, 17400, 24999, 21100, 18700, 21100, 16300, 15200, 15500
<Mullimeetod>
9300: 24885999, 25493800, 25784600, 25438100, 24258301, 24316000, 24514201, 24209201, 24135900, 24116300
<Kiirmeetod>
9300: 19703499, 19984499, 19860800, 19739000, 19709900, 20245100, 19776000, 19866200, 20336101, 20702500
<java.util.Arrays.sort>
9300: 17900, 15800, 16101, 17000, 16000, 16200, 15800, 15900, 16500, 16701
<Mullimeetod>
9400: 25003999, 24560799, 24520600, 25939200, 27434901, 28915300, 27811100, 27336800, 25181900, 24588800
<Kiirmeetod>
9400: 20927099, 20251800, 20042200, 20736100, 20308900, 20288900, 20488399, 20699500, 20434399, 20123600
<java.util.Arrays.sort>
9400: 18901, 16900, 15700, 15600, 18399, 16700, 15600, 15700, 16000, 17001
<Mullimeetod>
9500: 25327300, 25135100, 25092099, 25041800, 25241500, 25219100, 25721800, 25264400, 25164199, 25564700
<Kiirmeetod>
9500: 20568600, 21867101, 20375900, 20344601, 20364200, 20368699, 20454100, 21446000, 21198399, 22409500
<java.util.Arrays.sort>
9500: 32100, 15700, 16200, 15700, 15700, 17500, 15600, 15500, 15300, 39501
<Mullimeetod>
9600: 26139300, 26064400, 25962300, 26167099, 27123699, 29620100, 32330101, 40111499, 27478501, 27156701
<Kiirmeetod>
9600: 21605700, 22374400, 21514299, 21088900, 20913400, 20944200, 21241101, 22408501, 21005300, 21136500
<java.util.Arrays.sort>
9600: 18801, 17800, 15700, 16800, 17399, 19100, 17501, 18500, 15900, 17600
<Mullimeetod>
9700: 26322800, 26328599, 26714100, 26629899, 26499800, 26826900, 26858401, 26927900, 26477199, 26666800
<Kiirmeetod>
9700: 22425801, 22081599, 21560199, 21535400, 21992600, 21662500, 22337500, 23612499, 25350200, 27835000
<java.util.Arrays.sort>
9700: 28100, 19000, 17901, 18300, 19700, 18199, 23199, 17900, 23100, 18100
<Mullimeetod>
9800: 30160200, 30444101, 30193200, 29701399, 29711999, 31890200, 31673499, 31058401, 31351299, 28367900
<Kiirmeetod>
9800: 21941200, 22463800, 22245100, 21899501, 21840901, 21808500, 22050400, 22262800, 21889401, 21840500
<java.util.Arrays.sort>
9800: 21901, 18799, 18000, 35001, 22100, 19300, 21900, 21601, 20899, 21200
<Mullimeetod>
9900: 27807800, 27668000, 27557701, 27748600, 27556401, 27840300, 28418900, 27633600, 27573300, 27627300
<Kiirmeetod>
9900: 22212099, 22133600, 22428500, 22513999, 23101400, 23509201, 26220800, 29116900, 25112700, 24729900
<java.util.Arrays.sort>
9900: 18300, 16200, 16500, 16401, 16900, 15800, 17400, 16600, 34900, 17399
<Mullimeetod>
10000: 28170201, 28306900, 29462601, 29504200, 30445200, 30903899, 30704901, 30107500, 28483400, 27872700
<Kiirmeetod>
10000: 25171501, 25302200, 25116800, 25347400, 26736599, 26332701, 25366401, 26167000, 25995799, 25902200
<java.util.Arrays.sort>
10000: 20500, 17499, 19400, 17300, 17900, 16401, 18000, 19501, 19899, 17000
