[Erijuht 1. n kuulub {0, 1, 2}]
[Sisendi suurus (n)	Aeg (ns)]
<Mullimeetod>
0: 2600, 200, 200, 300, 200, 200, 200, 200, 200, 200
<Kiirmeetod>
0: 5999, 600, 800, 600, 600, 600, 500, 500, 500, 1300
<java.util.Arrays.sort>
0: 321999, 1401, 1000, 1000, 999, 1400, 1000, 900, 1000, 1200
<Mullimeetod>
1: 200, 200, 200, 200, 200, 100, 200, 200, 100, 200
<Kiirmeetod>
1: 700, 600, 500, 500, 700, 500, 400, 899, 700, 600
<java.util.Arrays.sort>
1: 1299, 1300, 1300, 1100, 1000, 1100, 1100, 1000, 1300, 1800
<Mullimeetod>
2: 1999, 900, 800, 801, 800, 800, 800, 900, 800, 800
<Kiirmeetod>
2: 6201, 1499, 1500, 2800, 1400, 1100, 1000, 900, 1000, 1000
<java.util.Arrays.sort>
2: 1799, 1200, 1000, 2400, 1400, 1001, 1200, 1100, 1100, 901
